1104 1656 0 0 0 0 0 0 0 0 0 0 0 0 0 0 0 0 0 0 0 0 0 0 0 0 0 0 0 0 
1656 13432 6298 0 0 0 0 0 0 0 0 0 0 0 0 0 0 0 0 0 0 0 0 0 0 0 0 0 0 0 
0 6298 24218 8969 0 0 0 0 0 0 0 0 0 0 0 0 0 0 0 0 0 0 0 0 0 0 0 0 0 0 
0 0 8969 30142 11336 0 0 0 0 0 0 0 0 0 0 0 0 0 0 0 0 0 0 0 0 0 0 0 0 0 
0 0 0 11336 37716 14359 0 0 0 0 0 0 0 0 0 0 0 0 0 0 0 0 0 0 0 0 0 0 0 0 
0 0 0 0 14359 50532 19668 0 0 0 0 0 0 0 0 0 0 0 0 0 0 0 0 0 0 0 0 0 0 0 
0 0 0 0 0 19668 61110 23568 0 0 0 0 0 0 0 0 0 0 0 0 0 0 0 0 0 0 0 0 0 0 
0 0 0 0 0 0 23568 74576 27951 0 0 0 0 0 0 0 0 0 0 0 0 0 0 0 0 0 0 0 0 0 
0 0 0 0 0 0 0 27951 90150 35121 0 0 0 0 0 0 0 0 0 0 0 0 0 0 0 0 0 0 0 0 
0 0 0 0 0 0 0 0 35121 108044 41386 0 0 0 0 0 0 0 0 0 0 0 0 0 0 0 0 0 0 0 
0 0 0 0 0 0 0 0 0 41386 126148 47570 0 0 0 0 0 0 0 0 0 0 0 0 0 0 0 0 0 0 
0 0 0 0 0 0 0 0 0 0 47570 146710 56664 0 0 0 0 0 0 0 0 0 0 0 0 0 0 0 0 0 
0 0 0 0 0 0 0 0 0 0 0 56664 170514 65663 0 0 0 0 0 0 0 0 0 0 0 0 0 0 0 0 
0 0 0 0 0 0 0 0 0 0 0 0 65663 193294 73329 0 0 0 0 0 0 0 0 0 0 0 0 0 0 0 
0 0 0 0 0 0 0 0 0 0 0 0 0 73329 218684 83290 0 0 0 0 0 0 0 0 0 0 0 0 0 0 
0 0 0 0 0 0 0 0 0 0 0 0 0 0 83290 245580 92751 0 0 0 0 0 0 0 0 0 0 0 0 0 
0 0 0 0 0 0 0 0 0 0 0 0 0 0 0 92751 273246 103718 0 0 0 0 0 0 0 0 0 0 0 0 
0 0 0 0 0 0 0 0 0 0 0 0 0 0 0 0 103718 304722 115056 0 0 0 0 0 0 0 0 0 0 0 
0 0 0 0 0 0 0 0 0 0 0 0 0 0 0 0 0 115056 332192 126446 0 0 0 0 0 0 0 0 0 0 
0 0 0 0 0 0 0 0 0 0 0 0 0 0 0 0 0 0 126446 368352 138210 0 0 0 0 0 0 0 0 0 
0 0 0 0 0 0 0 0 0 0 0 0 0 0 0 0 0 0 0 138210 397468 149471 0 0 0 0 0 0 0 0 
0 0 0 0 0 0 0 0 0 0 0 0 0 0 0 0 0 0 0 0 149471 430476 161880 0 0 0 0 0 0 0 
0 0 0 0 0 0 0 0 0 0 0 0 0 0 0 0 0 0 0 0 0 161880 462936 174427 0 0 0 0 0 0 
0 0 0 0 0 0 0 0 0 0 0 0 0 0 0 0 0 0 0 0 0 0 174427 502346 188163 0 0 0 0 0 
0 0 0 0 0 0 0 0 0 0 0 0 0 0 0 0 0 0 0 0 0 0 0 188163 538014 201246 0 0 0 0 
0 0 0 0 0 0 0 0 0 0 0 0 0 0 0 0 0 0 0 0 0 0 0 0 201246 573566 215021 0 0 0 
0 0 0 0 0 0 0 0 0 0 0 0 0 0 0 0 0 0 0 0 0 0 0 0 0 215021 612234 231148 0 0 
0 0 0 0 0 0 0 0 0 0 0 0 0 0 0 0 0 0 0 0 0 0 0 0 0 0 231148 654998 245092 0 
0 0 0 0 0 0 0 0 0 0 0 0 0 0 0 0 0 0 0 0 0 0 0 0 0 0 0 245092 690558 260153 
0 0 0 0 0 0 0 0 0 0 0 0 0 0 0 0 0 0 0 0 0 0 0 0 0 0 0 0 260153 736794 


1657 13432 6298 0 0 0 0 0 0 0 0 0 0 0 0 0 0 0 0 0 0 0 0 0 0 0 0 0 0 1 
13432 123162 192266 75350 0 0 0 0 0 0 0 0 0 0 0 0 0 0 0 0 0 0 0 0 0 0 0 0 0 0 
6298 192266 527338 548933 176987 0 0 0 0 0 0 0 0 0 0 0 0 0 0 0 0 0 0 0 0 0 0 0 0 0 
0 75350 548933 723382 725162 231262 0 0 0 0 0 0 0 0 0 0 0 0 0 0 0 0 0 0 0 0 0 0 0 0 
0 0 176987 725162 890868 959633 278134 0 0 0 0 0 0 0 0 0 0 0 0 0 0 0 0 0 0 0 0 0 0 0 
0 0 0 231262 959633 1335412 1296620 413440 0 0 0 0 0 0 0 0 0 0 0 0 0 0 0 0 0 0 0 0 0 0 
0 0 0 0 278134 1296620 1749606 1698832 534149 0 0 0 0 0 0 0 0 0 0 0 0 0 0 0 0 0 0 0 0 0 
0 0 0 0 0 413440 1698832 2029878 2044408 600703 0 0 0 0 0 0 0 0 0 0 0 0 0 0 0 0 0 0 0 0 
0 0 0 0 0 0 534149 2044408 2605986 2526680 784345 0 0 0 0 0 0 0 0 0 0 0 0 0 0 0 0 0 0 0 
0 0 0 0 0 0 0 600703 2526680 3151902 3057112 945634 0 0 0 0 0 0 0 0 0 0 0 0 0 0 0 0 0 0 
0 0 0 0 0 0 0 0 784345 3057112 3654494 3577044 1074817 0 0 0 0 0 0 0 0 0 0 0 0 0 0 0 0 0 
0 0 0 0 0 0 0 0 0 945634 3577044 4360406 4205883 1291195 0 0 0 0 0 0 0 0 0 0 0 0 0 0 0 0 
0 0 0 0 0 0 0 0 0 0 1074817 4205883 5044562 4877041 1495148 0 0 0 0 0 0 0 0 0 0 0 0 0 0 0 
0 0 0 0 0 0 0 0 0 0 0 1291195 4877041 5754412 5545798 1668268 0 0 0 0 0 0 0 0 0 0 0 0 0 0 
0 0 0 0 0 0 0 0 0 0 0 0 1495148 5545798 6551642 6285707 1911941 0 0 0 0 0 0 0 0 0 0 0 0 0 
0 0 0 0 0 0 0 0 0 0 0 0 0 1668268 6285707 7380530 7083190 2153639 0 0 0 0 0 0 0 0 0 0 0 0 
0 0 0 0 0 0 0 0 0 0 0 0 0 0 1911941 7083190 8241896 7884769 2379059 0 0 0 0 0 0 0 0 0 0 0 
0 0 0 0 0 0 0 0 0 0 0 0 0 0 0 2153639 7884769 9190050 8764645 2662454 0 0 0 0 0 0 0 0 0 0 
0 0 0 0 0 0 0 0 0 0 0 0 0 0 0 0 2379059 8764645 10133696 9667268 2922740 0 0 0 0 0 0 0 0 0 
0 0 0 0 0 0 0 0 0 0 0 0 0 0 0 0 0 2662454 9667268 11148624 10585902 3186257 0 0 0 0 0 0 0 0 
0 0 0 0 0 0 0 0 0 0 0 0 0 0 0 0 0 0 2922740 10585902 12192226 11555365 3498600 0 0 0 0 0 0 0 
0 0 0 0 0 0 0 0 0 0 0 0 0 0 0 0 0 0 0 3186257 11555365 13240416 12547572 3780415 0 0 0 0 0 0 
0 0 0 0 0 0 0 0 0 0 0 0 0 0 0 0 0 0 0 0 3498600 12547572 14375146 13578450 4092019 0 0 0 0 0 
0 0 0 0 0 0 0 0 0 0 0 0 0 0 0 0 0 0 0 0 0 3780415 13578450 15526100 14650769 4417332 0 0 0 0 
0 0 0 0 0 0 0 0 0 0 0 0 0 0 0 0 0 0 0 0 0 0 4092019 14650769 16711152 15729115 4721826 0 0 0 
0 0 0 0 0 0 0 0 0 0 0 0 0 0 0 0 0 0 0 0 0 0 0 4417332 15729115 17927370 16837636 5076531 0 0 
0 0 0 0 0 0 0 0 0 0 0 0 0 0 0 0 0 0 0 0 0 0 0 0 4721826 16837636 19148966 17995886 5401998 0 
0 0 0 0 0 0 0 0 0 0 0 0 0 0 0 0 0 0 0 0 0 0 0 0 0 5076531 17995886 20462620 19159155 5746659 
0 0 0 0 0 0 0 0 0 0 0 0 0 0 0 0 0 0 0 0 0 0 0 0 0 0 5401998 19159155 21732902 20358733 
15 0 0 0 0 0 0 0 0 0 0 0 0 0 0 0 0 0 0 0 0 0 0 0 0 0 0 5746659 20358733 23099022 


25 6298 24218 8969 0 0 0 0 0 0 0 0 0 0 0 0 0 0 0 0 0 0 0 0 0 0 0 0 15 25 
6298 192266 527338 548933 176987 0 0 0 0 0 0 0 0 0 0 0 0 0 0 0 0 0 0 0 0 0 0 0 0 0 
24218 527338 1426272 3176772 2500192 971234 0 0 0 0 0 0 0 0 0 0 0 0 0 0 0 0 0 0 0 0 0 0 0 0 
8969 548933 3176772 3222196 4426499 4047590 1243211 0 0 0 0 0 0 0 0 0 0 0 0 0 0 0 0 0 0 0 0 0 0 0 
0 176987 2500192 4426499 4138046 5182105 6061160 1362807 0 0 0 0 0 0 0 0 0 0 0 0 0 0 0 0 0 0 0 0 0 0 
0 0 971234 4047590 5182105 6248280 7638390 7221334 2138085 0 0 0 0 0 0 0 0 0 0 0 0 0 0 0 0 0 0 0 0 0 
0 0 0 1243211 6061160 7638390 10182722 10771097 10452382 3072722 0 0 0 0 0 0 0 0 0 0 0 0 0 0 0 0 0 0 0 0 
0 0 0 0 1362807 7221334 10771097 10649130 12560345 12488082 3143312 0 0 0 0 0 0 0 0 0 0 0 0 0 0 0 0 0 0 0 
0 0 0 0 0 2138085 10452382 12560345 14573698 15991287 15319149 4188131 0 0 0 0 0 0 0 0 0 0 0 0 0 0 0 0 0 0 
0 0 0 0 0 0 3072722 12488082 15991287 18577244 19796727 18864270 5182417 0 0 0 0 0 0 0 0 0 0 0 0 0 0 0 0 0 
0 0 0 0 0 0 0 3143312 15319149 19796727 20799538 23006799 22015271 5734756 0 0 0 0 0 0 0 0 0 0 0 0 0 0 0 0 
0 0 0 0 0 0 0 0 4188131 18864270 23006799 25536364 27368390 25757207 6903478 0 0 0 0 0 0 0 0 0 0 0 0 0 0 0 
0 0 0 0 0 0 0 0 0 5182417 22015271 27368390 30144550 31838837 29997356 7971005 0 0 0 0 0 0 0 0 0 0 0 0 0 0 
0 0 0 0 0 0 0 0 0 0 5734756 25757207 31838837 33831924 36282461 34014606 8858886 0 0 0 0 0 0 0 0 0 0 0 0 0 
0 0 0 0 0 0 0 0 0 0 0 6903478 29997356 36282461 39356138 41411260 38561309 10199911 0 0 0 0 0 0 0 0 0 0 0 0 
0 0 0 0 0 0 0 0 0 0 0 0 7971005 34014606 41411260 44413938 46629393 43466315 11343717 0 0 0 0 0 0 0 0 0 0 0 
0 0 0 0 0 0 0 0 0 0 0 0 0 8858886 38561309 46629393 49501060 52076001 48276065 12557524 0 0 0 0 0 0 0 0 0 0 
0 0 0 0 0 0 0 0 0 0 0 0 0 0 10199911 43466315 52076001 55838612 58021707 53624509 14030367 0 0 0 0 0 0 0 0 0 
0 0 0 0 0 0 0 0 0 0 0 0 0 0 0 11343717 48276065 58021707 61392716 63955402 59074645 15286645 0 0 0 0 0 0 0 0 
0 0 0 0 0 0 0 0 0 0 0 0 0 0 0 0 12557524 53624509 63955402 67727708 70284085 64589187 16755866 0 0 0 0 0 0 0 
0 0 0 0 0 0 0 0 0 0 0 0 0 0 0 0 0 14030367 59074645 70284085 74513570 76819198 70609758 18310617 0 0 0 0 0 0 
0 0 0 0 0 0 0 0 0 0 0 0 0 0 0 0 0 0 15286645 64589187 76819198 80755268 83466164 76559856 19726542 0 0 0 0 0 
0 0 0 0 0 0 0 0 0 0 0 0 0 0 0 0 0 0 0 16755866 70609758 83466164 88114532 90509920 82803136 21424237 0 0 0 0 
0 0 0 0 0 0 0 0 0 0 0 0 0 0 0 0 0 0 0 0 18310617 76559856 90509920 95310494 97670396 89276347 23016395 0 0 0 
0 0 0 0 0 0 0 0 0 0 0 0 0 0 0 0 0 0 0 0 0 19726542 82803136 97670396 102344518 104992391 95744755 24653663 0 0 
0 0 0 0 0 0 0 0 0 0 0 0 0 0 0 0 0 0 0 0 0 0 21424237 89276347 104992391 110386984 112612927 102591157 26439900 0 
0 0 0 0 0 0 0 0 0 0 0 0 0 0 0 0 0 0 0 0 0 0 0 23016395 95744755 112612927 117882488 120305606 109489339 28126595 
0 0 0 0 0 0 0 0 0 0 0 0 0 0 0 0 0 0 0 0 0 0 0 0 24653663 102591157 120305606 125947682 128278495 116509977 
88 0 0 0 0 0 0 0 0 0 0 0 0 0 0 0 0 0 0 0 0 0 0 0 0 26439900 109489339 128278495 134318492 136412869 
154 0 0 0 0 0 0 0 0 0 0 0 0 0 0 0 0 0 0 0 0 0 0 0 0 0 28126595 116509977 136412869 142381448 


161 0 8969 30142 11336 0 0 0 0 0 0 0 0 0 0 0 0 0 0 0 0 0 0 0 0 0 0 88 154 161 
0 75350 548933 723382 725162 231262 0 0 0 0 0 0 0 0 0 0 0 0 0 0 0 0 0 0 0 0 0 0 0 0 
8969 548933 3176772 3222196 4426499 4047590 1243211 0 0 0 0 0 0 0 0 0 0 0 0 0 0 0 0 0 0 0 0 0 0 0 
30142 723382 3222196 4164048 6311246 6174632 7127510 1475050 0 0 0 0 0 0 0 0 0 0 0 0 0 0 0 0 0 0 0 0 0 0 
11336 725162 4426499 6311246 5531770 7836027 8992486 8716082 1922891 0 0 0 0 0 0 0 0 0 0 0 0 0 0 0 0 0 0 0 0 0 
0 231262 4047590 6174632 7836027 8101140 11017821 11330092 10992907 2528433 0 0 0 0 0 0 0 0 0 0 0 0 0 0 0 0 0 0 0 0 
0 0 1243211 7127510 8992486 11017821 14005306 15024943 17442592 16132324 3674838 0 0 0 0 0 0 0 0 0 0 0 0 0 0 0 0 0 0 0 
0 0 0 1475050 8716082 11330092 15024943 15388742 17643531 20230609 18291634 3998691 0 0 0 0 0 0 0 0 0 0 0 0 0 0 0 0 0 0 
0 0 0 0 1922891 10992907 17442592 17643531 20397034 22864286 24603232 22754143 5026054 0 0 0 0 0 0 0 0 0 0 0 0 0 0 0 0 0 
0 0 0 0 0 2528433 16132324 20230609 22864286 26224896 28261214 31005213 28108470 6103922 0 0 0 0 0 0 0 0 0 0 0 0 0 0 0 0 
0 0 0 0 0 0 3674838 18291634 24603232 28261214 29711884 32789796 35831042 31966434 6958682 0 0 0 0 0 0 0 0 0 0 0 0 0 0 0 
0 0 0 0 0 0 0 3998691 22754143 31005213 32789796 36272716 39226652 41936421 37634317 8102621 0 0 0 0 0 0 0 0 0 0 0 0 0 0 
0 0 0 0 0 0 0 0 5026054 28108470 35831042 39226652 42815666 45662056 49105618 43598648 9361687 0 0 0 0 0 0 0 0 0 0 0 0 0 
0 0 0 0 0 0 0 0 0 6103922 31966434 41936421 45662056 48276734 52036383 55442921 49018172 10507895 0 0 0 0 0 0 0 0 0 0 0 0 
0 0 0 0 0 0 0 0 0 0 6958682 37634317 49105618 52036383 56104880 59480858 62982657 55699144 11850020 0 0 0 0 0 0 0 0 0 0 0 
0 0 0 0 0 0 0 0 0 0 0 8102621 43598648 55442921 59480858 63350356 66962857 71104389 62293402 13256192 0 0 0 0 0 0 0 0 0 0 
0 0 0 0 0 0 0 0 0 0 0 0 9361687 49018172 62982657 66962857 70631682 74857949 78799330 69049334 14627296 0 0 0 0 0 0 0 0 0 
0 0 0 0 0 0 0 0 0 0 0 0 0 10507895 55699144 71104389 74857949 79686384 83443936 87712717 76648743 16181512 0 0 0 0 0 0 0 0 
0 0 0 0 0 0 0 0 0 0 0 0 0 0 11850020 62293402 78799330 83443936 87621808 91992050 96617359 83960451 17731839 0 0 0 0 0 0 0 
0 0 0 0 0 0 0 0 0 0 0 0 0 0 0 13256192 69049334 87712717 91992050 96626764 101164428 105557780 91877895 19327306 0 0 0 0 0 0 
0 0 0 0 0 0 0 0 0 0 0 0 0 0 0 0 14627296 76648743 96617359 101164428 106331412 110637886 115517756 100180403 21037574 0 0 0 0 0 
0 0 0 0 0 0 0 0 0 0 0 0 0 0 0 0 0 16181512 83960451 105557780 110637886 115215322 120175855 125249568 108240524 22716143 0 0 0 0 
0 0 0 0 0 0 0 0 0 0 0 0 0 0 0 0 0 0 17731839 91877895 115517756 120175855 125734830 130427859 135445104 117136253 24491072 0 0 0 
0 0 0 0 0 0 0 0 0 0 0 0 0 0 0 0 0 0 0 19327306 100180403 125249568 130427859 135921848 140778439 146169991 125984763 26351812 0 0 
0 0 0 0 0 0 0 0 0 0 0 0 0 0 0 0 0 0 0 0 21037574 108240524 135445104 140778439 145991122 151344067 156720080 135017108 28168266 0 
0 0 0 0 0 0 0 0 0 0 0 0 0 0 0 0 0 0 0 0 0 22716143 117136253 146169991 151344067 157375730 162355103 168018760 144491802 30091870 
0 0 0 0 0 0 0 0 0 0 0 0 0 0 0 0 0 0 0 0 0 0 24491072 125984763 156720080 162355103 168105336 173517447 179329860 153959824 
91 0 0 0 0 0 0 0 0 0 0 0 0 0 0 0 0 0 0 0 0 0 0 26351812 135017108 168018760 173517447 179559798 185014590 190876888 
227 0 0 0 0 0 0 0 0 0 0 0 0 0 0 0 0 0 0 0 0 0 0 0 28168266 144491802 179329860 185014590 191499038 196796291 
203 0 0 0 0 0 0 0 0 0 0 0 0 0 0 0 0 0 0 0 0 0 0 0 0 30091870 153959824 190876888 196796291 203000818 


207 0 0 11336 37716 14359 0 0 0 0 0 0 0 0 0 0 0 0 0 0 0 0 0 0 0 0 91 227 203 207 
0 0 176987 725162 890868 959633 278134 0 0 0 0 0 0 0 0 0 0 0 0 0 0 0 0 0 0 0 0 0 0 0 
0 176987 2500192 4426499 4138046 5182105 6061160 1362807 0 0 0 0 0 0 0 0 0 0 0 0 0 0 0 0 0 0 0 0 0 0 
11336 725162 4426499 6311246 5531770 7836027 8992486 8716082 1922891 0 0 0 0 0 0 0 0 0 0 0 0 0 0 0 0 0 0 0 0 0 
37716 890868 4138046 5531770 7618560 8124724 11504622 11293032 10903742 2424476 0 0 0 0 0 0 0 0 0 0 0 0 0 0 0 0 0 0 0 0 
14359 959633 5182105 7836027 8124724 9114630 12254339 12911413 14429718 14066408 3029450 0 0 0 0 0 0 0 0 0 0 0 0 0 0 0 0 0 0 0 
0 278134 6061160 8992486 11504622 12254339 16364136 16378977 19322594 22497658 20078017 4405878 0 0 0 0 0 0 0 0 0 0 0 0 0 0 0 0 0 0 
0 0 1362807 8716082 11293032 12911413 16378977 18141858 20114755 23129799 24585867 22689934 4830682 0 0 0 0 0 0 0 0 0 0 0 0 0 0 0 0 0 
0 0 0 1922891 10903742 14429718 19322594 20114755 22657548 26473784 27654951 30843956 27968948 5977211 0 0 0 0 0 0 0 0 0 0 0 0 0 0 0 0 
0 0 0 0 2424476 14066408 22497658 23129799 26473784 29421704 31824179 35230178 38582265 34345032 7209317 0 0 0 0 0 0 0 0 0 0 0 0 0 0 0 
0 0 0 0 0 3029450 20078017 24585867 27654951 31824179 34157534 37217844 40969951 43396370 38983727 8180713 0 0 0 0 0 0 0 0 0 0 0 0 0 0 
0 0 0 0 0 0 4405878 22689934 30843956 35230178 37217844 41175356 44740503 47491792 51513615 45516172 9480602 0 0 0 0 0 0 0 0 0 0 0 0 0 
0 0 0 0 0 0 0 4830682 27968948 38582265 40969951 44740503 48468768 51893934 55964423 59701339 52578314 10923042 0 0 0 0 0 0 0 0 0 0 0 0 
0 0 0 0 0 0 0 0 5977211 34345032 43396370 47491792 51893934 55094376 59182080 63271932 66851629 59002743 12160913 0 0 0 0 0 0 0 0 0 0 0 
0 0 0 0 0 0 0 0 0 7209317 38983727 51513615 55964423 59182080 63688182 67804880 71662205 76428582 66591985 13710576 0 0 0 0 0 0 0 0 0 0 
0 0 0 0 0 0 0 0 0 0 8180713 45516172 59701339 63271932 67804880 72012930 76238246 81147943 85278640 74433049 15264651 0 0 0 0 0 0 0 0 0 
0 0 0 0 0 0 0 0 0 0 0 9480602 52578314 66851629 71662205 76238246 80469946 85320548 89845225 94495393 82235587 16788517 0 0 0 0 0 0 0 0 
0 0 0 0 0 0 0 0 0 0 0 0 10923042 59002743 76428582 81147943 85320548 90457948 95127010 99997289 105257526 90923192 18543505 0 0 0 0 0 0 0 
0 0 0 0 0 0 0 0 0 0 0 0 0 12160913 66591985 85278640 89845225 95127010 99742444 104835447 110283857 114928103 99597266 20270275 0 0 0 0 0 0 
0 0 0 0 0 0 0 0 0 0 0 0 0 0 13710576 74433049 94495393 99997289 104835447 109932724 115324014 120384672 126066083 108588490 22015974 0 0 0 0 0 
0 0 0 0 0 0 0 0 0 0 0 0 0 0 0 15264651 82235587 105257526 110283857 115324014 120842768 126102388 131873310 137485883 118196527 23948650 0 0 0 0 
0 0 0 0 0 0 0 0 0 0 0 0 0 0 0 0 16788517 90923192 114928103 120384672 126102388 131190826 136982216 143002306 148321050 127617914 25789779 0 0 0 
0 0 0 0 0 0 0 0 0 0 0 0 0 0 0 0 0 18543505 99597266 126066083 131873310 136982216 142914704 148713770 154557882 160893699 137659009 27804507 0 0 
0 0 0 0 0 0 0 0 0 0 0 0 0 0 0 0 0 0 20270275 108588490 137485883 143002306 148713770 154571526 160486095 166940548 172919931 148068064 29812081 0 
0 0 0 0 0 0 0 0 0 0 0 0 0 0 0 0 0 0 0 22015974 118196527 148321050 154557882 160486095 166158774 172556556 178948836 185234322 158340903 31842435 
0 0 0 0 0 0 0 0 0 0 0 0 0 0 0 0 0 0 0 0 23948650 127617914 160893699 166940548 172556556 178925638 185139672 191829120 198604447 169231617 
112 0 0 0 0 0 0 0 0 0 0 0 0 0 0 0 0 0 0 0 0 25789779 137659009 172919931 178948836 185139672 191250566 197838111 204920638 211320348 
216 0 0 0 0 0 0 0 0 0 0 0 0 0 0 0 0 0 0 0 0 0 27804507 148068064 185234322 191829120 197838111 204299416 210974331 218012843 
256 0 0 0 0 0 0 0 0 0 0 0 0 0 0 0 0 0 0 0 0 0 0 29812081 158340903 198604447 204920638 210974331 217688278 224419433 
249 0 0 0 0 0 0 0 0 0 0 0 0 0 0 0 0 0 0 0 0 0 0 0 31842435 169231617 211320348 218012843 224419433 230905442 


252 0 0 0 14359 50532 19668 0 0 0 0 0 0 0 0 0 0 0 0 0 0 0 0 0 0 112 216 256 249 252 
0 0 0 231262 959633 1335412 1296620 413440 0 0 0 0 0 0 0 0 0 0 0 0 0 0 0 0 0 0 0 0 0 0 
0 0 971234 4047590 5182105 6248280 7638390 7221334 2138085 0 0 0 0 0 0 0 0 0 0 0 0 0 0 0 0 0 0 0 0 0 
0 231262 4047590 6174632 7836027 8101140 11017821 11330092 10992907 2528433 0 0 0 0 0 0 0 0 0 0 0 0 0 0 0 0 0 0 0 0 
14359 959633 5182105 7836027 8124724 9114630 12254339 12911413 14429718 14066408 3029450 0 0 0 0 0 0 0 0 0 0 0 0 0 0 0 0 0 0 0 
50532 1335412 6248280 8101140 9114630 11628486 13697850 14425582 16821830 18444516 16705610 4201578 0 0 0 0 0 0 0 0 0 0 0 0 0 0 0 0 0 0 
19668 1296620 7638390 11017821 12254339 13697850 18107340 19051398 21978143 24202122 26518327 24580606 5776478 0 0 0 0 0 0 0 0 0 0 0 0 0 0 0 0 0 
0 413440 7221334 11330092 12911413 14425582 19051398 19992470 22460723 25558763 27314700 30191548 27481738 6130151 0 0 0 0 0 0 0 0 0 0 0 0 0 0 0 0 
0 0 2138085 10992907 14429718 16821830 21978143 22460723 25682262 29230949 31386091 34093687 36640566 33243232 7871218 0 0 0 0 0 0 0 0 0 0 0 0 0 0 0 
0 0 0 2528433 14066408 18444516 24202122 25558763 29230949 33300832 35296270 38960282 42387084 45184087 40988570 9360530 0 0 0 0 0 0 0 0 0 0 0 0 0 0 
0 0 0 0 3029450 16705610 26518327 27314700 31386091 35296270 37974896 41529938 44985461 47955038 51473945 46208472 10423975 0 0 0 0 0 0 0 0 0 0 0 0 0 
0 0 0 0 0 4201578 24580606 30191548 34093687 38960282 41529938 45570404 49728286 52703892 56591619 59843524 53644564 12328838 0 0 0 0 0 0 0 0 0 0 0 0 
0 0 0 0 0 0 5776478 27481738 36640566 42387084 44985461 49728286 53846760 57369035 61733693 65430209 69239581 62027976 14001019 0 0 0 0 0 0 0 0 0 0 0 
0 0 0 0 0 0 0 6130151 33243232 45184087 47955038 52703892 57369035 61124370 65475673 69586988 73596011 77839523 69092388 15557685 0 0 0 0 0 0 0 0 0 0 
0 0 0 0 0 0 0 0 7871218 40988570 51473945 56591619 61733693 65475673 70458748 74994398 79058178 83692417 87670301 77940917 17640780 0 0 0 0 0 0 0 0 0 
0 0 0 0 0 0 0 0 0 9360530 46208472 59843524 65430209 69586988 74994398 79586156 84118069 89211570 93534960 98178797 87028796 19467443 0 0 0 0 0 0 0 0 
0 0 0 0 0 0 0 0 0 0 10423975 53644564 69239581 73596011 79058178 84118069 88957458 94188977 98764368 103658243 108448536 95642217 21456531 0 0 0 0 0 0 0 
0 0 0 0 0 0 0 0 0 0 0 12328838 62027976 77839523 83692417 89211570 94188977 99884972 104926108 109992196 115170275 119836894 105871749 23717030 0 0 0 0 0 0 
0 0 0 0 0 0 0 0 0 0 0 0 14001019 69092388 87670301 93534960 98764368 104926108 110073860 115524415 121074177 126001972 131418748 115673179 25738578 0 0 0 0 0 
0 0 0 0 0 0 0 0 0 0 0 0 0 15557685 77940917 98178797 103658243 109992196 115524415 121335624 127143639 132262556 137987542 143240445 125757816 28083386 0 0 0 0 
0 0 0 0 0 0 0 0 0 0 0 0 0 0 17640780 87028796 108448536 115170275 121074177 127143639 133317038 138890715 144795073 150377824 155888481 136854080 30434746 0 0 0 
0 0 0 0 0 0 0 0 0 0 0 0 0 0 0 19467443 95642217 119836894 126001972 132262556 138890715 144708072 150888262 156846710 162495248 168377020 147414693 32711017 0 0 
0 0 0 0 0 0 0 0 0 0 0 0 0 0 0 0 21456531 105871749 131418748 137987542 144795073 150888262 157634030 163840527 169606263 175850848 181552719 158916167 35298959 0 
0 0 0 0 0 0 0 0 0 0 0 0 0 0 0 0 0 23717030 115673179 143240445 150377824 156846710 163840527 170413018 176639337 183100512 189062317 195320847 170621387 37733592 
0 0 0 0 0 0 0 0 0 0 0 0 0 0 0 0 0 0 25738578 125757816 155888481 162495248 169606263 176639337 183182854 189908688 196166002 202593292 208840870 182180418 
130 0 0 0 0 0 0 0 0 0 0 0 0 0 0 0 0 0 0 28083386 136854080 168377020 175850848 183100512 189908688 197255430 203792802 210305506 216897562 223194641 
243 0 0 0 0 0 0 0 0 0 0 0 0 0 0 0 0 0 0 0 30434746 147414693 181552719 189062317 196166002 203792802 210726170 217636592 224481108 230923030 
252 0 0 0 0 0 0 0 0 0 0 0 0 0 0 0 0 0 0 0 0 32711017 158916167 195320847 202593292 210305506 217636592 225122616 232148473 238805250 
267 0 0 0 0 0 0 0 0 0 0 0 0 0 0 0 0 0 0 0 0 0 35298959 170621387 208840870 216897562 224481108 232148473 239902662 246900997 
291 0 0 0 0 0 0 0 0 0 0 0 0 0 0 0 0 0 0 0 0 0 0 37733592 182180418 223194641 230923030 238805250 246900997 254320842 


255 0 0 0 0 19668 61110 23568 0 0 0 0 0 0 0 0 0 0 0 0 0 0 0 0 130 243 252 267 291 255 
0 0 0 0 278134 1296620 1749606 1698832 534149 0 0 0 0 0 0 0 0 0 0 0 0 0 0 0 0 0 0 0 0 0 
0 0 0 1243211 6061160 7638390 10182722 10771097 10452382 3072722 0 0 0 0 0 0 0 0 0 0 0 0 0 0 0 0 0 0 0 0 
0 0 1243211 7127510 8992486 11017821 14005306 15024943 17442592 16132324 3674838 0 0 0 0 0 0 0 0 0 0 0 0 0 0 0 0 0 0 0 
0 278134 6061160 8992486 11504622 12254339 16364136 16378977 19322594 22497658 20078017 4405878 0 0 0 0 0 0 0 0 0 0 0 0 0 0 0 0 0 0 
19668 1296620 7638390 11017821 12254339 13697850 18107340 19051398 21978143 24202122 26518327 24580606 5776478 0 0 0 0 0 0 0 0 0 0 0 0 0 0 0 0 0 
61110 1749606 10182722 14005306 16364136 18107340 24322362 25054108 29199168 33184790 35276134 38874546 35894934 8101868 0 0 0 0 0 0 0 0 0 0 0 0 0 0 0 0 
23568 1698832 10771097 15024943 16378977 19051398 25054108 26458932 29403390 34203676 36333194 40317655 44020087 39397014 8657143 0 0 0 0 0 0 0 0 0 0 0 0 0 0 0 
0 534149 10452382 17442592 19322594 21978143 29199168 29403390 35050034 38512376 41551866 45538105 49675365 52862320 48087213 10878391 0 0 0 0 0 0 0 0 0 0 0 0 0 0 
0 0 3072722 16132324 22497658 24202122 33184790 34203676 38512376 44470748 47649012 52492235 57133666 60656627 65506816 58727080 12901173 0 0 0 0 0 0 0 0 0 0 0 0 0 
0 0 0 3674838 20078017 26518327 35276134 36333194 41551866 47649012 50405226 55661009 60353035 64336140 69545168 73839203 66023609 14472944 0 0 0 0 0 0 0 0 0 0 0 0 
0 0 0 0 4405878 24580606 38874546 40317655 45538105 52492235 55661009 61175014 66568802 70927476 76145772 81071032 85673675 76772826 16812402 0 0 0 0 0 0 0 0 0 0 0 
0 0 0 0 0 5776478 35894934 44020087 49675365 57133666 60353035 66568802 72815958 77234783 83155615 88555773 93397298 99371859 87871099 19161838 0 0 0 0 0 0 0 0 0 0 
0 0 0 0 0 0 8101868 39397014 52862320 60656627 64336140 70927476 77234783 81819188 88281890 93675522 99164398 105277138 110601442 98011192 21248969 0 0 0 0 0 0 0 0 0 
0 0 0 0 0 0 0 8657143 48087213 65506816 69545168 76145772 83155615 88281890 95061210 100953506 106786087 113048097 118846419 124768783 110456467 23894659 0 0 0 0 0 0 0 0 
0 0 0 0 0 0 0 0 10878391 58727080 73839203 81071032 88555773 93675522 100953506 107531852 113529744 120483399 126508663 132748890 139493781 122392194 26427623 0 0 0 0 0 0 0 
0 0 0 0 0 0 0 0 0 12901173 66023609 85673675 93397298 99164398 106786087 113529744 119682782 127168237 133323033 140103149 146954529 153159139 134918732 29022609 0 0 0 0 0 0 
0 0 0 0 0 0 0 0 0 0 14472944 76772826 99371859 105277138 113048097 120483399 127168237 135044200 141672779 148822615 155845608 162423748 169644622 148779228 31931813 0 0 0 0 0 
0 0 0 0 0 0 0 0 0 0 0 16812402 87871099 110601442 118846419 126508663 133323033 141672779 148716698 156060630 163679316 170580089 177934548 185385308 161911117 34721991 0 0 0 0 
0 0 0 0 0 0 0 0 0 0 0 0 19161838 98011192 124768783 132748890 140103149 148822615 156060630 163756522 171905877 178871316 186725461 194260159 201415541 176396091 37688013 0 0 0 
0 0 0 0 0 0 0 0 0 0 0 0 0 21248969 110456467 139493781 146954529 155845608 163679316 171905877 180349252 187687195 196104210 203694186 211276498 219449885 191186480 40860885 0 0 
0 0 0 0 0 0 0 0 0 0 0 0 0 0 23894659 122392194 153159139 162423748 170580089 178871316 187687195 195509972 204066128 212180707 220055816 228193303 236291407 205754244 43845968 0 
0 0 0 0 0 0 0 0 0 0 0 0 0 0 0 26427623 134918732 169644622 177934548 186725461 196104210 204066128 213021328 221666550 229635841 238317568 246327775 254667004 221817818 47183895 
0 0 0 0 0 0 0 0 0 0 0 0 0 0 0 0 29022609 148779228 185385308 194260159 203694186 212180707 221666550 230545874 238902592 248091464 256232096 264822477 273664131 237429822 
169 0 0 0 0 0 0 0 0 0 0 0 0 0 0 0 0 31931813 161911117 201415541 211276498 220055816 229635841 238902592 247675420 257082350 265595967 274572655 283313039 292059380 
326 0 0 0 0 0 0 0 0 0 0 0 0 0 0 0 0 0 34721991 176396091 219449885 228193303 238317568 248091464 257082350 266763350 275896061 285039276 294085564 302915504 
347 0 0 0 0 0 0 0 0 0 0 0 0 0 0 0 0 0 0 37688013 191186480 236291407 246327775 256232096 265595967 275896061 285202394 294588062 304295511 313185318 
337 0 0 0 0 0 0 0 0 0 0 0 0 0 0 0 0 0 0 0 40860885 205754244 254667004 264822477 274572655 285039276 294588062 304515420 314477853 323612777 
325 0 0 0 0 0 0 0 0 0 0 0 0 0 0 0 0 0 0 0 0 43845968 221817818 273664131 283313039 294085564 304295511 314477853 324642734 334385517 
361 0 0 0 0 0 0 0 0 0 0 0 0 0 0 0 0 0 0 0 0 0 47183895 237429822 292059380 302915504 313185318 323612777 334385517 344259902 


359 0 0 0 0 0 23568 74576 27951 0 0 0 0 0 0 0 0 0 0 0 0 0 0 169 326 347 337 325 361 359 
0 0 0 0 0 413440 1698832 2029878 2044408 600703 0 0 0 0 0 0 0 0 0 0 0 0 0 0 0 0 0 0 0 0 
0 0 0 0 1362807 7221334 10771097 10649130 12560345 12488082 3143312 0 0 0 0 0 0 0 0 0 0 0 0 0 0 0 0 0 0 0 
0 0 0 1475050 8716082 11330092 15024943 15388742 17643531 20230609 18291634 3998691 0 0 0 0 0 0 0 0 0 0 0 0 0 0 0 0 0 0 
0 0 1362807 8716082 11293032 12911413 16378977 18141858 20114755 23129799 24585867 22689934 4830682 0 0 0 0 0 0 0 0 0 0 0 0 0 0 0 0 0 
0 413440 7221334 11330092 12911413 14425582 19051398 19992470 22460723 25558763 27314700 30191548 27481738 6130151 0 0 0 0 0 0 0 0 0 0 0 0 0 0 0 0 
23568 1698832 10771097 15024943 16378977 19051398 25054108 26458932 29403390 34203676 36333194 40317655 44020087 39397014 8657143 0 0 0 0 0 0 0 0 0 0 0 0 0 0 0 
74576 2029878 10649130 15388742 18141858 19992470 26458932 27453282 30751466 35469242 38198770 41839214 45180996 48583148 43578370 9148390 0 0 0 0 0 0 0 0 0 0 0 0 0 0 
27951 2044408 12560345 17643531 20114755 22460723 29403390 30751466 35618342 40539688 42868084 47120605 51512754 54877276 58899935 52331672 11397170 0 0 0 0 0 0 0 0 0 0 0 0 0 
0 600703 12488082 20230609 23129799 25558763 34203676 35469242 40539688 45900566 49244549 54119631 58581374 62894186 67691126 72298483 63811743 13545326 0 0 0 0 0 0 0 0 0 0 0 0 
0 0 3143312 18291634 24585867 27314700 36333194 38198770 42868084 49244549 52013092 57623885 62785868 66981346 71607471 76383728 80852114 71608889 15073732 0 0 0 0 0 0 0 0 0 0 0 
0 0 0 3998691 22689934 30191548 40317655 41839214 47120605 54119631 57623885 63495440 68760452 73160375 78882178 83789250 88845944 94055671 82398231 17467477 0 0 0 0 0 0 0 0 0 0 
0 0 0 0 4830682 27481738 44020087 45180996 51512754 58581374 62785868 68760452 75155592 79745114 85791038 91239839 96780877 102600933 107926234 94498289 19879086 0 0 0 0 0 0 0 0 0 
0 0 0 0 0 6130151 39397014 48583148 54877276 62894186 66981346 73160375 79745114 84574792 91346286 97104466 102541377 108813099 114203565 120217906 104923800 21907222 0 0 0 0 0 0 0 0 
0 0 0 0 0 0 8657143 43578370 58899935 67691126 71607471 78882178 85791038 91346286 98082628 104196615 110171851 116983753 122772622 129136603 135242627 117508671 24651413 0 0 0 0 0 0 0 
0 0 0 0 0 0 0 9148390 52331672 72298483 76383728 83789250 91239839 97104466 104196615 111088822 117171915 124390982 130641886 137293802 144039741 150169348 130569704 27208787 0 0 0 0 0 0 
0 0 0 0 0 0 0 0 11397170 63811743 80852114 88845944 96780877 102541377 110171851 117171915 123683806 131422612 137857992 144779230 151870768 158201718 165302505 143066571 29739953 0 0 0 0 0 
0 0 0 0 0 0 0 0 0 13545326 71608889 94055671 102600933 108813099 116983753 124390982 131422612 139260044 146121918 153533517 161078550 167855071 175377883 182239037 157451679 32779593 0 0 0 0 
0 0 0 0 0 0 0 0 0 0 15073732 82398231 107926234 114203565 122772622 130641886 137857992 146121918 153548278 161148412 169061502 176130622 183935697 191329370 198534636 171462273 35516022 0 0 0 
0 0 0 0 0 0 0 0 0 0 0 17467477 94498289 120217906 129136603 137293802 144779230 153533517 161148412 169002430 177400624 184753209 192944588 200746892 208144694 216014725 185810250 38493600 0 0 
0 0 0 0 0 0 0 0 0 0 0 0 19879086 104923800 135242627 144039741 151870768 161078550 169061502 177400624 185997842 193637010 202316121 210456221 218314895 226685883 234198864 201664291 41687727 0 
0 0 0 0 0 0 0 0 0 0 0 0 0 21907222 117508671 150169348 158201718 167855071 176130622 184753209 193637010 201794350 210660204 219150648 227275387 235867255 243910801 252215971 216566099 44629297 
0 0 0 0 0 0 0 0 0 0 0 0 0 0 24651413 130569704 165302505 175377883 183935697 192944588 202316121 210660204 219675152 228665007 237041399 246148933 254566341 263103122 271548645 232712447 
153 0 0 0 0 0 0 0 0 0 0 0 0 0 0 27208787 143066571 182239037 191329370 200746892 210456221 219150648 228665007 237807068 246461606 255972379 264660608 273661076 282645034 290952011 
313 0 0 0 0 0 0 0 0 0 0 0 0 0 0 0 29739953 157451679 198534636 208144694 218314895 227275387 237041399 246461606 255520168 265248605 274202483 283549950 292798788 301571467 
297 0 0 0 0 0 0 0 0 0 0 0 0 0 0 0 0 32779593 171462273 216014725 226685883 235867255 246148933 255972379 265248605 275035174 284460443 294147936 303749024 312960372 
346 0 0 0 0 0 0 0 0 0 0 0 0 0 0 0 0 0 35516022 185810250 234198864 243910801 254566341 264660608 274202483 284460443 294114116 303865410 313923907 323380205 
305 0 0 0 0 0 0 0 0 0 0 0 0 0 0 0 0 0 0 38493600 201664291 252215971 263103122 273661076 283549950 294147936 303865410 313984260 324311832 333965372 
363 0 0 0 0 0 0 0 0 0 0 0 0 0 0 0 0 0 0 0 41687727 216566099 271548645 282645034 292798788 303749024 313923907 324311832 334609664 344782237 
348 0 0 0 0 0 0 0 0 0 0 0 0 0 0 0 0 0 0 0 0 44629297 232712447 290952011 301571467 312960372 323380205 333965372 344782237 354974730 


361 0 0 0 0 0 0 27951 90150 35121 0 0 0 0 0 0 0 0 0 0 0 0 153 313 297 346 305 363 348 361 
0 0 0 0 0 0 534149 2044408 2605986 2526680 784345 0 0 0 0 0 0 0 0 0 0 0 0 0 0 0 0 0 0 0 
0 0 0 0 0 2138085 10452382 12560345 14573698 15991287 15319149 4188131 0 0 0 0 0 0 0 0 0 0 0 0 0 0 0 0 0 0 
0 0 0 0 1922891 10992907 17442592 17643531 20397034 22864286 24603232 22754143 5026054 0 0 0 0 0 0 0 0 0 0 0 0 0 0 0 0 0 
0 0 0 1922891 10903742 14429718 19322594 20114755 22657548 26473784 27654951 30843956 27968948 5977211 0 0 0 0 0 0 0 0 0 0 0 0 0 0 0 0 
0 0 2138085 10992907 14429718 16821830 21978143 22460723 25682262 29230949 31386091 34093687 36640566 33243232 7871218 0 0 0 0 0 0 0 0 0 0 0 0 0 0 0 
0 534149 10452382 17442592 19322594 21978143 29199168 29403390 35050034 38512376 41551866 45538105 49675365 52862320 48087213 10878391 0 0 0 0 0 0 0 0 0 0 0 0 0 0 
27951 2044408 12560345 17643531 20114755 22460723 29403390 30751466 35618342 40539688 42868084 47120605 51512754 54877276 58899935 52331672 11397170 0 0 0 0 0 0 0 0 0 0 0 0 0 
90150 2605986 14573698 20397034 22657548 25682262 35050034 35618342 40447458 45858936 48810900 54309274 58577972 61793064 66547456 70567652 62994604 14349216 0 0 0 0 0 0 0 0 0 0 0 0 
35121 2526680 15991287 22864286 26473784 29230949 38512376 40539688 45858936 52412864 56087391 61234227 67170010 70963089 76798753 81307223 86100766 76936486 16867552 0 0 0 0 0 0 0 0 0 0 0 
0 784345 15319149 24603232 27654951 31386091 41551866 42868084 48810900 56087391 59619192 65674608 71153074 75507823 81567761 86382478 91448932 96591536 85440136 18780175 0 0 0 0 0 0 0 0 0 0 
0 0 4188131 22754143 30843956 34093687 45538105 47120605 54309274 61234227 65674608 71774086 78467185 83247733 89591811 95160218 100137072 106425767 111375600 98677143 21812336 0 0 0 0 0 0 0 0 0 
0 0 0 5026054 27968948 36640566 49675365 51512754 58577972 67170010 71153074 78467185 85146768 90602441 97643132 103598249 109509330 116190450 121682871 127941242 112938718 24635005 0 0 0 0 0 0 0 0 
0 0 0 0 5977211 33243232 52862320 54877276 61793064 70963089 75507823 83247733 90602441 96517230 103520720 110026514 116261379 123284000 129443100 135634221 142111196 124674722 27218400 0 0 0 0 0 0 0 
0 0 0 0 0 7871218 48087213 58899935 66547456 76798753 81567761 89591811 97643132 103520720 111379498 118549836 125087097 132761496 139071591 145890256 153005820 159120748 140041667 30599515 0 0 0 0 0 0 
0 0 0 0 0 0 10878391 52331672 70567652 81307223 86382478 95160218 103598249 110026514 118549836 125850482 133079881 141149138 148028540 155535934 162998937 169619002 177037066 155025682 33571158 0 0 0 0 0 
0 0 0 0 0 0 0 11397170 62994604 86100766 91448932 100137072 109509330 116261379 125087097 133079881 140594122 148910980 156414916 164051580 172060497 179020680 186768880 194054335 169511576 36856790 0 0 0 0 
0 0 0 0 0 0 0 0 14349216 76936486 96591536 106425767 116190450 123284000 132761496 141149138 148910980 158102126 165990608 174143599 182674380 189955463 198385126 206113506 213568806 186746620 40397649 0 0 0 
0 0 0 0 0 0 0 0 0 16867552 85440136 111375600 121682871 129443100 139071591 148028540 156414916 165990608 174037618 182830239 191643564 199509730 208394944 216492631 224373647 232721027 202616363 43745527 0 0 
0 0 0 0 0 0 0 0 0 0 18780175 98677143 127941242 135634221 145890256 155535934 164051580 174143599 182830239 191955416 201127129 209574486 218583064 227275402 235484712 244231532 252243155 219624328 47449954 0 
0 0 0 0 0 0 0 0 0 0 0 21812336 112938718 142111196 153005820 162998937 172060497 182674380 191643564 201127129 211013724 219802908 229295858 238512479 247046253 256441501 264885926 273644230 237966339 51206217 
0 0 0 0 0 0 0 0 0 0 0 0 24635005 124674722 159120748 169619002 179020680 189955463 199509730 209574486 219802908 228782496 238884385 248349576 257333235 267181824 275896958 285091388 294007478 255009006 
161 0 0 0 0 0 0 0 0 0 0 0 0 27218400 140041667 177037066 186768880 198385126 208394944 218583064 229295858 238884385 249357938 259260223 268811759 278783140 288034254 297659106 307113087 316034947 
354 0 0 0 0 0 0 0 0 0 0 0 0 0 30599515 155025682 194054335 206113506 216492631 227275402 238512479 248349576 259260223 269715912 279579282 289977939 299821124 309631075 319694237 328960215 
344 0 0 0 0 0 0 0 0 0 0 0 0 0 0 33571158 169511576 213568806 224373647 235484712 247046253 257333235 268811759 279579282 289604032 300735026 310720674 320983635 331436782 341000627 
366 0 0 0 0 0 0 0 0 0 0 0 0 0 0 0 36856790 186746620 232721027 244231532 256441501 267181824 278783140 289977939 300735026 312185422 322515821 333353084 343947021 354003310 
375 0 0 0 0 0 0 0 0 0 0 0 0 0 0 0 0 40397649 202616363 252243155 264885926 275896958 288034254 299821124 310720674 322515821 333415512 344532904 355610070 366192219 
420 0 0 0 0 0 0 0 0 0 0 0 0 0 0 0 0 0 43745527 219624328 273644230 285091388 297659106 309631075 320983635 333353084 344532904 356046222 367661467 378387114 
385 0 0 0 0 0 0 0 0 0 0 0 0 0 0 0 0 0 0 47449954 237966339 294007478 307113087 319694237 331436782 343947021 355610070 367661467 379579698 390776795 
419 0 0 0 0 0 0 0 0 0 0 0 0 0 0 0 0 0 0 0 51206217 255009006 316034947 328960215 341000627 354003310 366192219 378387114 390776795 402407130 


419 0 0 0 0 0 0 0 35121 108044 41386 0 0 0 0 0 0 0 0 0 0 161 354 344 366 375 420 385 419 419 
0 0 0 0 0 0 0 600703 2526680 3151902 3057112 945634 0 0 0 0 0 0 0 0 0 0 0 0 0 0 0 0 0 0 
0 0 0 0 0 0 3072722 12488082 15991287 18577244 19796727 18864270 5182417 0 0 0 0 0 0 0 0 0 0 0 0 0 0 0 0 0 
0 0 0 0 0 2528433 16132324 20230609 22864286 26224896 28261214 31005213 28108470 6103922 0 0 0 0 0 0 0 0 0 0 0 0 0 0 0 0 
0 0 0 0 2424476 14066408 22497658 23129799 26473784 29421704 31824179 35230178 38582265 34345032 7209317 0 0 0 0 0 0 0 0 0 0 0 0 0 0 0 
0 0 0 2528433 14066408 18444516 24202122 25558763 29230949 33300832 35296270 38960282 42387084 45184087 40988570 9360530 0 0 0 0 0 0 0 0 0 0 0 0 0 0 
0 0 3072722 16132324 22497658 24202122 33184790 34203676 38512376 44470748 47649012 52492235 57133666 60656627 65506816 58727080 12901173 0 0 0 0 0 0 0 0 0 0 0 0 0 
0 600703 12488082 20230609 23129799 25558763 34203676 35469242 40539688 45900566 49244549 54119631 58581374 62894186 67691126 72298483 63811743 13545326 0 0 0 0 0 0 0 0 0 0 0 0 
35121 2526680 15991287 22864286 26473784 29230949 38512376 40539688 45858936 52412864 56087391 61234227 67170010 70963089 76798753 81307223 86100766 76936486 16867552 0 0 0 0 0 0 0 0 0 0 0 
108044 3151902 18577244 26224896 29421704 33300832 44470748 45900566 52412864 59800812 64208458 70406394 76333346 82282608 87806310 93601650 99191914 105164580 92695140 19838238 0 0 0 0 0 0 0 0 0 0 
41386 3057112 19796727 28261214 31824179 35296270 47649012 49244549 56087391 64208458 67857118 75124054 81532065 86763178 93179100 99399652 104915059 111695173 117182395 103198912 22029915 0 0 0 0 0 0 0 0 0 
0 945634 18864270 31005213 35230178 38960282 52492235 54119631 61234227 70406394 75124054 81999518 89920605 95388581 102729864 108827956 115706238 122256823 128487818 135059444 118836772 25383439 0 0 0 0 0 0 0 0 
0 0 5182417 28108470 38582265 42387084 57133666 58581374 67170010 76333346 81532065 89920605 97698760 103913116 111813777 119216395 125904313 133420460 140333344 147281313 154640851 135066030 28704459 0 0 0 0 0 0 0 
0 0 0 6103922 34345032 45184087 60656627 62894186 70963089 82282608 86763178 95388581 103913116 110494112 118727745 126229648 133448812 141688071 148518040 156354734 163900302 170843157 149446231 31638532 0 0 0 0 0 0 
0 0 0 0 7209317 40988570 65506816 67691126 76798753 87806310 93179100 102729864 111813777 118727745 127861318 136090831 143674775 152291075 159952644 168121860 176021852 183503858 191711516 167144460 35367371 0 0 0 0 0 
0 0 0 0 0 9360530 58727080 72298483 81307223 93601650 99399652 108827956 119216395 126229648 136090831 144478466 152808041 162161646 170254229 178779548 187453975 195338824 204084315 212310022 184392978 38877939 0 0 0 0 
0 0 0 0 0 0 12901173 63811743 86100766 99191914 104915059 115706238 125904313 133448812 143674775 152808041 161355478 171068356 179593544 188551305 197747180 205996767 215180391 223719477 232168485 201847120 42454577 0 0 0 
0 0 0 0 0 0 0 13545326 76936486 105164580 111695173 122256823 133420460 141688071 152291075 162161646 171068356 181767496 190692501 200169843 209909204 218719286 228296979 237348319 246193170 255662262 221350205 46550341 0 0 
0 0 0 0 0 0 0 0 16867552 92695140 117182395 128487818 140333344 148518040 159952644 170254229 179593544 190692501 199971938 210124604 220342982 229446986 239571070 249124545 258479818 268266238 277458932 240215707 50327988 0 
0 0 0 0 0 0 0 0 0 19838238 103198912 135059444 147281313 156354734 168121860 178779548 188551305 200169843 210124604 220461382 231230055 240805159 251395799 261428397 271098212 281303300 290867902 300746216 260046330 54413124 
0 0 0 0 0 0 0 0 0 0 22029915 118836772 154640851 163900302 176021852 187453975 197747180 209909204 220342982 231230055 242700764 252611581 263750374 274302138 284384667 295170298 305043716 315469799 325887826 280949744 
167 0 0 0 0 0 0 0 0 0 0 25383439 135066030 170843157 183503858 195338824 205996767 218719286 229446986 240805159 252611581 262974850 274657481 285605638 296061399 307270252 317627346 328439604 339063466 349322358 
404 0 0 0 0 0 0 0 0 0 0 0 28704459 149446231 191711516 204084315 215180391 228296979 239571070 251395799 263750374 274657481 286732706 298142602 309053878 320797670 331556457 342728511 353701301 364377302 
366 0 0 0 0 0 0 0 0 0 0 0 0 31638532 167144460 212310022 223719477 237348319 249124545 261428397 274302138 285605638 298142602 310213334 321542821 333700314 344892739 356520726 368008480 379025318 
424 0 0 0 0 0 0 0 0 0 0 0 0 0 35367371 184392978 232168485 246193170 258479818 271098212 284384667 296061399 309053878 321542821 333148178 345858041 357474060 369390378 381422942 392747387 
441 0 0 0 0 0 0 0 0 0 0 0 0 0 0 38877939 201847120 255662262 268266238 281303300 295170298 307270252 320797670 333700314 345858041 359086240 371046181 383528542 395911188 407704402 
413 0 0 0 0 0 0 0 0 0 0 0 0 0 0 0 42454577 221350205 277458932 290867902 305043716 317627346 331556457 344892739 357474060 371046181 383604608 396439781 409284046 421472240 
404 0 0 0 0 0 0 0 0 0 0 0 0 0 0 0 0 46550341 240215707 300746216 315469799 328439604 342728511 356520726 369390378 383528542 396439781 409512072 423045573 435479083 
457 0 0 0 0 0 0 0 0 0 0 0 0 0 0 0 0 0 50327988 260046330 325887826 339063466 353701301 368008480 381422942 395911188 409284046 423045573 436831074 449698724 
