130896 80130 0 0 0 0 0 0 0 0 0 0 0 0 0 0 0 0 0 0 0 0 0 0 0 0 0 0 0 0 
80130 268682 56382 0 0 0 0 0 0 0 0 0 0 0 0 0 0 0 0 0 0 0 0 0 0 0 0 0 0 0 
0 56382 165902 45814 0 0 0 0 0 0 0 0 0 0 0 0 0 0 0 0 0 0 0 0 0 0 0 0 0 0 
0 0 45814 179806 57878 0 0 0 0 0 0 0 0 0 0 0 0 0 0 0 0 0 0 0 0 0 0 0 0 0 
0 0 0 57878 230754 72509 0 0 0 0 0 0 0 0 0 0 0 0 0 0 0 0 0 0 0 0 0 0 0 0 
0 0 0 0 72509 284072 89040 0 0 0 0 0 0 0 0 0 0 0 0 0 0 0 0 0 0 0 0 0 0 0 
0 0 0 0 0 89040 348734 109959 0 0 0 0 0 0 0 0 0 0 0 0 0 0 0 0 0 0 0 0 0 0 
0 0 0 0 0 0 109959 428242 133050 0 0 0 0 0 0 0 0 0 0 0 0 0 0 0 0 0 0 0 0 0 
0 0 0 0 0 0 0 133050 498590 149247 0 0 0 0 0 0 0 0 0 0 0 0 0 0 0 0 0 0 0 0 
0 0 0 0 0 0 0 0 149247 565140 171435 0 0 0 0 0 0 0 0 0 0 0 0 0 0 0 0 0 0 0 
0 0 0 0 0 0 0 0 0 171435 652892 201524 0 0 0 0 0 0 0 0 0 0 0 0 0 0 0 0 0 0 
0 0 0 0 0 0 0 0 0 0 201524 746432 219230 0 0 0 0 0 0 0 0 0 0 0 0 0 0 0 0 0 
0 0 0 0 0 0 0 0 0 0 0 219230 823036 250047 0 0 0 0 0 0 0 0 0 0 0 0 0 0 0 0 
0 0 0 0 0 0 0 0 0 0 0 0 250047 940008 283393 0 0 0 0 0 0 0 0 0 0 0 0 0 0 0 
0 0 0 0 0 0 0 0 0 0 0 0 0 283393 1068636 320425 0 0 0 0 0 0 0 0 0 0 0 0 0 0 
0 0 0 0 0 0 0 0 0 0 0 0 0 0 320425 1193738 354166 0 0 0 0 0 0 0 0 0 0 0 0 0 
0 0 0 0 0 0 0 0 0 0 0 0 0 0 0 354166 1306366 387250 0 0 0 0 0 0 0 0 0 0 0 0 
0 0 0 0 0 0 0 0 0 0 0 0 0 0 0 0 387250 1418622 417319 0 0 0 0 0 0 0 0 0 0 0 
0 0 0 0 0 0 0 0 0 0 0 0 0 0 0 0 0 417319 1536794 454219 0 0 0 0 0 0 0 0 0 0 
0 0 0 0 0 0 0 0 0 0 0 0 0 0 0 0 0 0 454219 1681446 500254 0 0 0 0 0 0 0 0 0 
0 0 0 0 0 0 0 0 0 0 0 0 0 0 0 0 0 0 0 500254 1841140 539444 0 0 0 0 0 0 0 0 
0 0 0 0 0 0 0 0 0 0 0 0 0 0 0 0 0 0 0 0 539444 1978430 585865 0 0 0 0 0 0 0 
0 0 0 0 0 0 0 0 0 0 0 0 0 0 0 0 0 0 0 0 0 585865 2149378 632300 0 0 0 0 0 0 
0 0 0 0 0 0 0 0 0 0 0 0 0 0 0 0 0 0 0 0 0 0 632300 2277994 667944 0 0 0 0 0 
0 0 0 0 0 0 0 0 0 0 0 0 0 0 0 0 0 0 0 0 0 0 0 667944 2432478 711980 0 0 0 0 
0 0 0 0 0 0 0 0 0 0 0 0 0 0 0 0 0 0 0 0 0 0 0 0 711980 2599526 756910 0 0 0 
0 0 0 0 0 0 0 0 0 0 0 0 0 0 0 0 0 0 0 0 0 0 0 0 0 756910 2754944 799821 0 0 
0 0 0 0 0 0 0 0 0 0 0 0 0 0 0 0 0 0 0 0 0 0 0 0 0 0 799821 2866612 830763 0 
0 0 0 0 0 0 0 0 0 0 0 0 0 0 0 0 0 0 0 0 0 0 0 0 0 0 0 830763 3009980 877327 
0 0 0 0 0 0 0 0 0 0 0 0 0 0 0 0 0 0 0 0 0 0 0 0 0 0 0 0 877327 3177384 


80130 268682 56382 0 0 0 0 0 0 0 0 0 0 0 0 0 0 0 0 0 0 0 0 0 0 0 0 0 0 0 
268682 450300 268004 44704 0 0 0 0 0 0 0 0 0 0 0 0 0 0 0 0 0 0 0 0 0 0 0 0 0 0 
56382 268004 241578 197456 42635 0 0 0 0 0 0 0 0 0 0 0 0 0 0 0 0 0 0 0 0 0 0 0 0 0 
0 44704 197456 243284 233363 49056 0 0 0 0 0 0 0 0 0 0 0 0 0 0 0 0 0 0 0 0 0 0 0 0 
0 0 42635 233363 307026 287372 58011 0 0 0 0 0 0 0 0 0 0 0 0 0 0 0 0 0 0 0 0 0 0 0 
0 0 0 49056 287372 385200 349435 73300 0 0 0 0 0 0 0 0 0 0 0 0 0 0 0 0 0 0 0 0 0 0 
0 0 0 0 58011 349435 473512 437331 87273 0 0 0 0 0 0 0 0 0 0 0 0 0 0 0 0 0 0 0 0 0 
0 0 0 0 0 73300 437331 589326 520870 98952 0 0 0 0 0 0 0 0 0 0 0 0 0 0 0 0 0 0 0 0 
0 0 0 0 0 0 87273 520870 689478 590794 113032 0 0 0 0 0 0 0 0 0 0 0 0 0 0 0 0 0 0 0 
0 0 0 0 0 0 0 98952 590794 772206 680167 131511 0 0 0 0 0 0 0 0 0 0 0 0 0 0 0 0 0 0 
0 0 0 0 0 0 0 0 113032 680167 898712 789424 147010 0 0 0 0 0 0 0 0 0 0 0 0 0 0 0 0 0 
0 0 0 0 0 0 0 0 0 131511 789424 1034538 873708 163342 0 0 0 0 0 0 0 0 0 0 0 0 0 0 0 0 
0 0 0 0 0 0 0 0 0 0 147010 873708 1154102 993059 187131 0 0 0 0 0 0 0 0 0 0 0 0 0 0 0 
0 0 0 0 0 0 0 0 0 0 0 163342 993059 1307890 1124387 207093 0 0 0 0 0 0 0 0 0 0 0 0 0 0 
0 0 0 0 0 0 0 0 0 0 0 0 187131 1124387 1484110 1259319 227259 0 0 0 0 0 0 0 0 0 0 0 0 0 
0 0 0 0 0 0 0 0 0 0 0 0 0 207093 1259319 1653796 1381455 248643 0 0 0 0 0 0 0 0 0 0 0 0 
0 0 0 0 0 0 0 0 0 0 0 0 0 0 227259 1381455 1804980 1502777 271556 0 0 0 0 0 0 0 0 0 0 0 
0 0 0 0 0 0 0 0 0 0 0 0 0 0 0 248643 1502777 1946086 1622560 292763 0 0 0 0 0 0 0 0 0 0 
0 0 0 0 0 0 0 0 0 0 0 0 0 0 0 0 271556 1622560 2095382 1764649 319450 0 0 0 0 0 0 0 0 0 
0 0 0 0 0 0 0 0 0 0 0 0 0 0 0 0 0 292763 1764649 2299140 1945679 347733 0 0 0 0 0 0 0 0 
0 0 0 0 0 0 0 0 0 0 0 0 0 0 0 0 0 0 319450 1945679 2519308 2098794 374535 0 0 0 0 0 0 0 
0 0 0 0 0 0 0 0 0 0 0 0 0 0 0 0 0 0 0 347733 2098794 2690368 2254218 403427 0 0 0 0 0 0 
0 0 0 0 0 0 0 0 0 0 0 0 0 0 0 0 0 0 0 0 374535 2254218 2917012 2426127 430728 0 0 0 0 0 
0 0 0 0 0 0 0 0 0 0 0 0 0 0 0 0 0 0 0 0 0 403427 2426127 3112972 2581924 459757 0 0 0 0 
0 0 0 0 0 0 0 0 0 0 0 0 0 0 0 0 0 0 0 0 0 0 430728 2581924 3318796 2751680 485773 0 0 0 
0 0 0 0 0 0 0 0 0 0 0 0 0 0 0 0 0 0 0 0 0 0 0 459757 2751680 3535880 2920150 511317 0 0 
0 0 0 0 0 0 0 0 0 0 0 0 0 0 0 0 0 0 0 0 0 0 0 0 485773 2920150 3734072 3068299 537630 0 
0 0 0 0 0 0 0 0 0 0 0 0 0 0 0 0 0 0 0 0 0 0 0 0 0 511317 3068299 3885332 3203484 564804 
0 0 0 0 0 0 0 0 0 0 0 0 0 0 0 0 0 0 0 0 0 0 0 0 0 0 537630 3203484 4101518 3388323 
0 0 0 0 0 0 0 0 0 0 0 0 0 0 0 0 0 0 0 0 0 0 0 0 0 0 0 564804 3388323 4338202 


0 56382 165902 45814 0 0 0 0 0 0 0 0 0 0 0 0 0 0 0 0 0 0 0 0 0 0 0 0 0 0 
56382 268004 241578 197456 42635 0 0 0 0 0 0 0 0 0 0 0 0 0 0 0 0 0 0 0 0 0 0 0 0 0 
165902 241578 150504 144746 158772 35804 0 0 0 0 0 0 0 0 0 0 0 0 0 0 0 0 0 0 0 0 0 0 0 0 
45814 197456 144746 132492 158800 168958 38939 0 0 0 0 0 0 0 0 0 0 0 0 0 0 0 0 0 0 0 0 0 0 0 
0 42635 158772 158800 171982 199280 205910 48186 0 0 0 0 0 0 0 0 0 0 0 0 0 0 0 0 0 0 0 0 0 0 
0 0 35804 168958 199280 213012 243829 253866 58457 0 0 0 0 0 0 0 0 0 0 0 0 0 0 0 0 0 0 0 0 0 
0 0 0 38939 205910 243829 261346 305083 304154 67459 0 0 0 0 0 0 0 0 0 0 0 0 0 0 0 0 0 0 0 0 
0 0 0 0 48186 253866 305083 325564 366307 352209 77503 0 0 0 0 0 0 0 0 0 0 0 0 0 0 0 0 0 0 0 
0 0 0 0 0 58457 304154 366307 382010 421613 403129 88096 0 0 0 0 0 0 0 0 0 0 0 0 0 0 0 0 0 0 
0 0 0 0 0 0 67459 352209 421613 439928 483662 462809 98357 0 0 0 0 0 0 0 0 0 0 0 0 0 0 0 0 0 
0 0 0 0 0 0 0 77503 403129 483662 511758 564940 518591 110290 0 0 0 0 0 0 0 0 0 0 0 0 0 0 0 0 
0 0 0 0 0 0 0 0 88096 462809 564940 592302 640630 575639 121533 0 0 0 0 0 0 0 0 0 0 0 0 0 0 0 
0 0 0 0 0 0 0 0 0 98357 518591 640630 666052 714495 655003 136146 0 0 0 0 0 0 0 0 0 0 0 0 0 0 
0 0 0 0 0 0 0 0 0 0 110290 575639 714495 751872 813285 725125 149548 0 0 0 0 0 0 0 0 0 0 0 0 0 
0 0 0 0 0 0 0 0 0 0 0 121533 655003 813285 849472 902175 804051 162833 0 0 0 0 0 0 0 0 0 0 0 0 
0 0 0 0 0 0 0 0 0 0 0 0 136146 725125 902175 942046 996903 875405 177874 0 0 0 0 0 0 0 0 0 0 0 
0 0 0 0 0 0 0 0 0 0 0 0 0 149548 804051 996903 1042686 1092023 951170 194884 0 0 0 0 0 0 0 0 0 0 
0 0 0 0 0 0 0 0 0 0 0 0 0 0 162833 875405 1092023 1132150 1177487 1033519 211373 0 0 0 0 0 0 0 0 0 
0 0 0 0 0 0 0 0 0 0 0 0 0 0 0 177874 951170 1177487 1219538 1279570 1127722 228472 0 0 0 0 0 0 0 0 
0 0 0 0 0 0 0 0 0 0 0 0 0 0 0 0 194884 1033519 1279570 1333656 1401308 1219111 245960 0 0 0 0 0 0 0 
0 0 0 0 0 0 0 0 0 0 0 0 0 0 0 0 0 211373 1127722 1401308 1458110 1517173 1314118 260725 0 0 0 0 0 0 
0 0 0 0 0 0 0 0 0 0 0 0 0 0 0 0 0 0 228472 1219111 1517173 1562580 1629334 1399504 280462 0 0 0 0 0 
0 0 0 0 0 0 0 0 0 0 0 0 0 0 0 0 0 0 0 245960 1314118 1629334 1682764 1746260 1507444 302186 0 0 0 0 
0 0 0 0 0 0 0 0 0 0 0 0 0 0 0 0 0 0 0 0 260725 1399504 1746260 1804690 1867137 1615401 321199 0 0 0 
0 0 0 0 0 0 0 0 0 0 0 0 0 0 0 0 0 0 0 0 0 280462 1507444 1867137 1914590 1990451 1702766 333558 0 0 
0 0 0 0 0 0 0 0 0 0 0 0 0 0 0 0 0 0 0 0 0 0 302186 1615401 1990451 2040220 2108801 1789769 352199 0 
0 0 0 0 0 0 0 0 0 0 0 0 0 0 0 0 0 0 0 0 0 0 0 321199 1702766 2108801 2153230 2213942 1884615 370490 
0 0 0 0 0 0 0 0 0 0 0 0 0 0 0 0 0 0 0 0 0 0 0 0 333558 1789769 2213942 2254048 2322272 1980732 
0 0 0 0 0 0 0 0 0 0 0 0 0 0 0 0 0 0 0 0 0 0 0 0 0 352199 1884615 2322272 2387696 2457441 
0 0 0 0 0 0 0 0 0 0 0 0 0 0 0 0 0 0 0 0 0 0 0 0 0 0 370490 1980732 2457441 2518014 


0 0 45814 179806 57878 0 0 0 0 0 0 0 0 0 0 0 0 0 0 0 0 0 0 0 0 0 0 0 0 0 
0 44704 197456 243284 233363 49056 0 0 0 0 0 0 0 0 0 0 0 0 0 0 0 0 0 0 0 0 0 0 0 0 
45814 197456 144746 132492 158800 168958 38939 0 0 0 0 0 0 0 0 0 0 0 0 0 0 0 0 0 0 0 0 0 0 0 
179806 243284 132492 124668 141458 166800 176198 42910 0 0 0 0 0 0 0 0 0 0 0 0 0 0 0 0 0 0 0 0 0 0 
57878 233363 158800 141458 159084 177356 207307 215572 51858 0 0 0 0 0 0 0 0 0 0 0 0 0 0 0 0 0 0 0 0 0 
0 49056 168958 166800 177356 197404 222621 259212 261121 61625 0 0 0 0 0 0 0 0 0 0 0 0 0 0 0 0 0 0 0 0 
0 0 38939 176198 207307 222621 243840 273903 313837 310413 73198 0 0 0 0 0 0 0 0 0 0 0 0 0 0 0 0 0 0 0 
0 0 0 42910 215572 259212 273903 297532 332352 371331 362223 82870 0 0 0 0 0 0 0 0 0 0 0 0 0 0 0 0 0 0 
0 0 0 0 51858 261121 313837 332352 355388 385844 431559 408143 92341 0 0 0 0 0 0 0 0 0 0 0 0 0 0 0 0 0 
0 0 0 0 0 61625 310413 371331 385844 407436 445698 493267 461071 102888 0 0 0 0 0 0 0 0 0 0 0 0 0 0 0 0 
0 0 0 0 0 0 73198 362223 431559 445698 477586 515874 563491 520112 115368 0 0 0 0 0 0 0 0 0 0 0 0 0 0 0 
0 0 0 0 0 0 0 82870 408143 493267 515874 547962 586962 635898 584520 128906 0 0 0 0 0 0 0 0 0 0 0 0 0 0 
0 0 0 0 0 0 0 0 92341 461071 563491 586962 623238 665139 721193 654788 144142 0 0 0 0 0 0 0 0 0 0 0 0 0 
0 0 0 0 0 0 0 0 0 102888 520112 635898 665139 705598 754306 802482 724504 156052 0 0 0 0 0 0 0 0 0 0 0 0 
0 0 0 0 0 0 0 0 0 0 115368 584520 721193 754306 798140 842105 896335 796342 172798 0 0 0 0 0 0 0 0 0 0 0 
0 0 0 0 0 0 0 0 0 0 0 128906 654788 802482 842105 878490 926366 976488 871619 188545 0 0 0 0 0 0 0 0 0 0 
0 0 0 0 0 0 0 0 0 0 0 0 144142 724504 896335 926366 968316 1019025 1068796 957351 207452 0 0 0 0 0 0 0 0 0 
0 0 0 0 0 0 0 0 0 0 0 0 0 156052 796342 976488 1019025 1067836 1108536 1168675 1044917 223307 0 0 0 0 0 0 0 0 
0 0 0 0 0 0 0 0 0 0 0 0 0 0 172798 871619 1068796 1108536 1150296 1201315 1269066 1127990 242066 0 0 0 0 0 0 0 
0 0 0 0 0 0 0 0 0 0 0 0 0 0 0 188545 957351 1168675 1201315 1251376 1307832 1370728 1214697 257814 0 0 0 0 0 0 
0 0 0 0 0 0 0 0 0 0 0 0 0 0 0 0 207452 1044917 1269066 1307832 1367584 1417484 1477765 1290923 274525 0 0 0 0 0 
0 0 0 0 0 0 0 0 0 0 0 0 0 0 0 0 0 223307 1127990 1370728 1417484 1474554 1526268 1582517 1384185 294629 0 0 0 0 
0 0 0 0 0 0 0 0 0 0 0 0 0 0 0 0 0 0 242066 1214697 1477765 1526268 1584568 1639915 1701518 1484950 315055 0 0 0 
0 0 0 0 0 0 0 0 0 0 0 0 0 0 0 0 0 0 0 257814 1290923 1582517 1639915 1699412 1758282 1825078 1587101 335111 0 0 
0 0 0 0 0 0 0 0 0 0 0 0 0 0 0 0 0 0 0 0 274525 1384185 1701518 1758282 1808708 1874692 1926660 1661700 351902 0 
0 0 0 0 0 0 0 0 0 0 0 0 0 0 0 0 0 0 0 0 0 294629 1484950 1825078 1874692 1926020 1986045 2037601 1762528 371451 
0 0 0 0 0 0 0 0 0 0 0 0 0 0 0 0 0 0 0 0 0 0 315055 1587101 1926660 1986045 2036496 2089796 2153797 1856285 
0 0 0 0 0 0 0 0 0 0 0 0 0 0 0 0 0 0 0 0 0 0 0 335111 1661700 2037601 2089796 2134946 2195358 2256042 
0 0 0 0 0 0 0 0 0 0 0 0 0 0 0 0 0 0 0 0 0 0 0 0 351902 1762528 2153797 2195358 2251854 2322192 
0 0 0 0 0 0 0 0 0 0 0 0 0 0 0 0 0 0 0 0 0 0 0 0 0 371451 1856285 2256042 2322192 2404678 


0 0 0 57878 230754 72509 0 0 0 0 0 0 0 0 0 0 0 0 0 0 0 0 0 0 0 0 0 0 0 0 
0 0 42635 233363 307026 287372 58011 0 0 0 0 0 0 0 0 0 0 0 0 0 0 0 0 0 0 0 0 0 0 0 
0 42635 158772 158800 171982 199280 205910 48186 0 0 0 0 0 0 0 0 0 0 0 0 0 0 0 0 0 0 0 0 0 0 
57878 233363 158800 141458 159084 177356 207307 215572 51858 0 0 0 0 0 0 0 0 0 0 0 0 0 0 0 0 0 0 0 0 0 
230754 307026 171982 159084 178536 200594 228628 256920 257254 60622 0 0 0 0 0 0 0 0 0 0 0 0 0 0 0 0 0 0 0 0 
72509 287372 199280 177356 200594 224208 251482 280618 312108 306300 71913 0 0 0 0 0 0 0 0 0 0 0 0 0 0 0 0 0 0 0 
0 58011 205910 207307 228628 251482 269176 301928 335439 374952 366296 85562 0 0 0 0 0 0 0 0 0 0 0 0 0 0 0 0 0 0 
0 0 48186 215572 256920 280618 301928 328806 367131 403077 448230 426596 96812 0 0 0 0 0 0 0 0 0 0 0 0 0 0 0 0 0 
0 0 0 51858 257254 312108 335439 367131 394888 424188 465903 514229 480758 107873 0 0 0 0 0 0 0 0 0 0 0 0 0 0 0 0 
0 0 0 0 60622 306300 374952 403077 424188 455518 493450 534580 585282 541604 121032 0 0 0 0 0 0 0 0 0 0 0 0 0 0 0 
0 0 0 0 0 71913 366296 448230 465903 493450 531520 569449 612847 671152 612547 134087 0 0 0 0 0 0 0 0 0 0 0 0 0 0 
0 0 0 0 0 0 85562 426596 514229 534580 569449 608960 645494 697560 757141 683395 148466 0 0 0 0 0 0 0 0 0 0 0 0 0 
0 0 0 0 0 0 0 96812 480758 585282 612847 645494 691856 741426 791875 840702 760417 165248 0 0 0 0 0 0 0 0 0 0 0 0 
0 0 0 0 0 0 0 0 107873 541604 671152 697560 741426 790720 843034 881547 938241 837108 181803 0 0 0 0 0 0 0 0 0 0 0 
0 0 0 0 0 0 0 0 0 121032 612547 757141 791875 843034 894884 938075 985446 1038122 930050 202363 0 0 0 0 0 0 0 0 0 0 
0 0 0 0 0 0 0 0 0 0 134087 683395 840702 881547 938075 988416 1029557 1078035 1138151 1016564 220569 0 0 0 0 0 0 0 0 0 
0 0 0 0 0 0 0 0 0 0 0 148466 760417 938241 985446 1029557 1088528 1138204 1185280 1245496 1109002 240272 0 0 0 0 0 0 0 0 
0 0 0 0 0 0 0 0 0 0 0 0 165248 837108 1038122 1078035 1138204 1194940 1240118 1297944 1366414 1209819 260425 0 0 0 0 0 0 0 
0 0 0 0 0 0 0 0 0 0 0 0 0 181803 930050 1138151 1185280 1240118 1297370 1346706 1405173 1477228 1307984 278825 0 0 0 0 0 0 
0 0 0 0 0 0 0 0 0 0 0 0 0 0 202363 1016564 1245496 1297944 1346706 1411542 1464254 1522839 1594035 1405008 299962 0 0 0 0 0 
0 0 0 0 0 0 0 0 0 0 0 0 0 0 0 220569 1109002 1366414 1405173 1464254 1526838 1585447 1646201 1709950 1503046 320216 0 0 0 0 
0 0 0 0 0 0 0 0 0 0 0 0 0 0 0 0 240272 1209819 1477228 1522839 1585447 1651112 1711008 1772456 1844974 1613037 341905 0 0 0 
0 0 0 0 0 0 0 0 0 0 0 0 0 0 0 0 0 260425 1307984 1594035 1646201 1711008 1770714 1841390 1904525 1976448 1715910 362280 0 0 
0 0 0 0 0 0 0 0 0 0 0 0 0 0 0 0 0 0 278825 1405008 1709950 1772456 1841390 1901628 1967545 2040937 2109190 1816531 386329 0 
0 0 0 0 0 0 0 0 0 0 0 0 0 0 0 0 0 0 0 299962 1503046 1844974 1904525 1967545 2026854 2100777 2166380 2222131 1931901 408442 
0 0 0 0 0 0 0 0 0 0 0 0 0 0 0 0 0 0 0 0 320216 1613037 1976448 2040937 2100777 2161600 2232307 2291403 2355507 2047969 
0 0 0 0 0 0 0 0 0 0 0 0 0 0 0 0 0 0 0 0 0 341905 1715910 2109190 2166380 2232307 2299780 2356808 2422377 2481465 
0 0 0 0 0 0 0 0 0 0 0 0 0 0 0 0 0 0 0 0 0 0 362280 1816531 2222131 2291403 2356808 2406240 2477744 2534597 
0 0 0 0 0 0 0 0 0 0 0 0 0 0 0 0 0 0 0 0 0 0 0 386329 1931901 2355507 2422377 2477744 2539544 2624372 
0 0 0 0 0 0 0 0 0 0 0 0 0 0 0 0 0 0 0 0 0 0 0 0 408442 2047969 2481465 2534597 2624372 2711176 


0 0 0 0 72509 284072 89040 0 0 0 0 0 0 0 0 0 0 0 0 0 0 0 0 0 0 0 0 0 0 0 
0 0 0 49056 287372 385200 349435 73300 0 0 0 0 0 0 0 0 0 0 0 0 0 0 0 0 0 0 0 0 0 0 
0 0 35804 168958 199280 213012 243829 253866 58457 0 0 0 0 0 0 0 0 0 0 0 0 0 0 0 0 0 0 0 0 0 
0 49056 168958 166800 177356 197404 222621 259212 261121 61625 0 0 0 0 0 0 0 0 0 0 0 0 0 0 0 0 0 0 0 0 
72509 287372 199280 177356 200594 224208 251482 280618 312108 306300 71913 0 0 0 0 0 0 0 0 0 0 0 0 0 0 0 0 0 0 0 
284072 385200 213012 197404 224208 252126 278366 312728 342094 377096 367142 87144 0 0 0 0 0 0 0 0 0 0 0 0 0 0 0 0 0 0 
89040 349435 243829 222621 251482 278366 300450 338747 370865 408351 455919 438478 101378 0 0 0 0 0 0 0 0 0 0 0 0 0 0 0 0 0 
0 73300 253866 259212 280618 312728 338747 372422 408814 445510 490192 543403 506872 114697 0 0 0 0 0 0 0 0 0 0 0 0 0 0 0 0 
0 0 58457 261121 312108 342094 370865 408814 440520 476110 519330 564172 619537 570893 125618 0 0 0 0 0 0 0 0 0 0 0 0 0 0 0 
0 0 0 61625 306300 377096 408351 445510 476110 510294 552053 596185 644693 701500 642740 140644 0 0 0 0 0 0 0 0 0 0 0 0 0 0 
0 0 0 0 71913 367142 455919 490192 519330 552053 596710 641763 686073 745906 804553 721485 156491 0 0 0 0 0 0 0 0 0 0 0 0 0 
0 0 0 0 0 87144 438478 543403 564172 596185 641763 686626 728047 783084 843214 895268 801109 173571 0 0 0 0 0 0 0 0 0 0 0 0 
0 0 0 0 0 0 101378 506872 619537 644693 686073 728047 781918 832628 891455 939369 993036 886771 193393 0 0 0 0 0 0 0 0 0 0 0 
0 0 0 0 0 0 0 114697 570893 701500 745906 783084 832628 886786 950421 998540 1049847 1109391 984356 212592 0 0 0 0 0 0 0 0 0 0 
0 0 0 0 0 0 0 0 125618 642740 804553 843214 891455 950421 1007736 1059713 1111436 1172545 1230324 1094607 235381 0 0 0 0 0 0 0 0 0 
0 0 0 0 0 0 0 0 0 140644 721485 895268 939369 998540 1059713 1114868 1164349 1218778 1281016 1342067 1188362 257715 0 0 0 0 0 0 0 0 
0 0 0 0 0 0 0 0 0 0 156491 801109 993036 1049847 1111436 1164349 1221694 1285635 1339385 1399546 1463935 1296761 280682 0 0 0 0 0 0 0 
0 0 0 0 0 0 0 0 0 0 0 173571 886771 1109391 1172545 1218778 1285635 1349738 1401713 1460871 1527268 1598527 1409386 301354 0 0 0 0 0 0 
0 0 0 0 0 0 0 0 0 0 0 0 193393 984356 1230324 1281016 1339385 1401713 1472276 1526485 1589932 1650545 1732285 1520400 322694 0 0 0 0 0 
0 0 0 0 0 0 0 0 0 0 0 0 0 212592 1094607 1342067 1399546 1460871 1526485 1596854 1658160 1719607 1788269 1877070 1633971 349509 0 0 0 0 
0 0 0 0 0 0 0 0 0 0 0 0 0 0 235381 1188362 1463935 1527268 1589932 1658160 1720610 1786308 1856658 1929383 2014803 1750986 371102 0 0 0 
0 0 0 0 0 0 0 0 0 0 0 0 0 0 0 257715 1296761 1598527 1650545 1719607 1786308 1864676 1937557 2007010 2077972 2158557 1880913 397793 0 0 
0 0 0 0 0 0 0 0 0 0 0 0 0 0 0 0 280682 1409386 1732285 1788269 1856658 1937557 2011214 2083398 2152860 2229517 2306582 1991967 423769 0 
0 0 0 0 0 0 0 0 0 0 0 0 0 0 0 0 0 301354 1520400 1877070 1929383 2007010 2083398 2152044 2222662 2301341 2367735 2429346 2117257 452858 
0 0 0 0 0 0 0 0 0 0 0 0 0 0 0 0 0 0 322694 1633971 2014803 2077972 2152860 2222662 2287824 2356963 2441020 2497162 2585406 2254101 
0 0 0 0 0 0 0 0 0 0 0 0 0 0 0 0 0 0 0 349509 1750986 2158557 2229517 2301341 2356963 2431546 2517982 2583932 2649754 2750768 
0 0 0 0 0 0 0 0 0 0 0 0 0 0 0 0 0 0 0 0 371102 1880913 2306582 2367735 2441020 2517982 2595108 2657927 2735229 2798274 
0 0 0 0 0 0 0 0 0 0 0 0 0 0 0 0 0 0 0 0 0 397793 1991967 2429346 2497162 2583932 2657927 2723162 2802875 2865257 
0 0 0 0 0 0 0 0 0 0 0 0 0 0 0 0 0 0 0 0 0 0 423769 2117257 2585406 2649754 2735229 2802875 2887772 2964959 
0 0 0 0 0 0 0 0 0 0 0 0 0 0 0 0 0 0 0 0 0 0 0 452858 2254101 2750768 2798274 2865257 2964959 3067392 


0 0 0 0 0 89040 348734 109959 0 0 0 0 0 0 0 0 0 0 0 0 0 0 0 0 0 0 0 0 0 0 
0 0 0 0 58011 349435 473512 437331 87273 0 0 0 0 0 0 0 0 0 0 0 0 0 0 0 0 0 0 0 0 0 
0 0 0 38939 205910 243829 261346 305083 304154 67459 0 0 0 0 0 0 0 0 0 0 0 0 0 0 0 0 0 0 0 0 
0 0 38939 176198 207307 222621 243840 273903 313837 310413 73198 0 0 0 0 0 0 0 0 0 0 0 0 0 0 0 0 0 0 0 
0 58011 205910 207307 228628 251482 269176 301928 335439 374952 366296 85562 0 0 0 0 0 0 0 0 0 0 0 0 0 0 0 0 0 0 
89040 349435 243829 222621 251482 278366 300450 338747 370865 408351 455919 438478 101378 0 0 0 0 0 0 0 0 0 0 0 0 0 0 0 0 0 
348734 473512 261346 243840 269176 300450 328500 372600 407110 446362 493792 544250 510032 115854 0 0 0 0 0 0 0 0 0 0 0 0 0 0 0 0 
109959 437331 305083 273903 301928 338747 372600 410310 446512 489982 536611 589173 641905 588078 132476 0 0 0 0 0 0 0 0 0 0 0 0 0 0 0 
0 87273 304154 313837 335439 370865 407110 446512 483036 527681 573866 621712 669631 729652 667957 143407 0 0 0 0 0 0 0 0 0 0 0 0 0 0 
0 0 67459 310413 374952 408351 446362 489982 527681 568776 613901 662144 709076 765077 824188 744766 161386 0 0 0 0 0 0 0 0 0 0 0 0 0 
0 0 0 73198 366296 455919 493792 536611 573866 613901 662414 706786 758248 818992 871589 930712 833565 179340 0 0 0 0 0 0 0 0 0 0 0 0 
0 0 0 0 85562 438478 544250 589173 621712 662144 706786 759842 802749 860191 925363 975906 1030405 921523 199709 0 0 0 0 0 0 0 0 0 0 0 
0 0 0 0 0 101378 510032 641905 669631 709076 758248 802749 861638 918922 979100 1035317 1089696 1152268 1023695 221109 0 0 0 0 0 0 0 0 0 0 
0 0 0 0 0 0 115854 588078 729652 765077 818992 860191 918922 978356 1043135 1096583 1158285 1222404 1280338 1136516 243556 0 0 0 0 0 0 0 0 0 
0 0 0 0 0 0 0 132476 667957 824188 871589 925363 979100 1043135 1109708 1167148 1225793 1289620 1351111 1418834 1253366 269537 0 0 0 0 0 0 0 0 
0 0 0 0 0 0 0 0 143407 744766 930712 975906 1035317 1096583 1167148 1229956 1284555 1347636 1408495 1474469 1544040 1367333 292952 0 0 0 0 0 0 0 
0 0 0 0 0 0 0 0 0 161386 833565 1030405 1089696 1158285 1225793 1284555 1349542 1419479 1479605 1544537 1612025 1690992 1488939 318183 0 0 0 0 0 0 
0 0 0 0 0 0 0 0 0 0 179340 921523 1152268 1222404 1289620 1347636 1419479 1498030 1551490 1606768 1681332 1756236 1832053 1609456 340611 0 0 0 0 0 
0 0 0 0 0 0 0 0 0 0 0 199709 1023695 1280338 1351111 1408495 1479605 1551490 1619798 1683340 1751364 1822813 1899444 1985984 1729744 366167 0 0 0 0 
0 0 0 0 0 0 0 0 0 0 0 0 221109 1136516 1418834 1474469 1544537 1606768 1683340 1760308 1830042 1901166 1979017 2060426 2141907 1865755 392666 0 0 0 
0 0 0 0 0 0 0 0 0 0 0 0 0 243556 1253366 1544040 1612025 1681332 1751364 1830042 1910206 1987645 2060025 2138876 2216617 2296660 1996784 419728 0 0 
0 0 0 0 0 0 0 0 0 0 0 0 0 0 269537 1367333 1690992 1756236 1822813 1901166 1987645 2077036 2148610 2219998 2292255 2370597 2458028 2131953 449888 0 
0 0 0 0 0 0 0 0 0 0 0 0 0 0 0 292952 1488939 1832053 1899444 1979017 2060025 2148610 2232880 2304556 2376711 2457166 2533812 2613907 2268562 479674 
0 0 0 0 0 0 0 0 0 0 0 0 0 0 0 0 318183 1609456 1985984 2060426 2138876 2219998 2304556 2383176 2453346 2533882 2610231 2684490 2783689 2409964 
0 0 0 0 0 0 0 0 0 0 0 0 0 0 0 0 0 340611 1729744 2141907 2216617 2292255 2376711 2453346 2522718 2606860 2690195 2764229 2845952 2950550 
0 0 0 0 0 0 0 0 0 0 0 0 0 0 0 0 0 0 366167 1865755 2296660 2370597 2457166 2533882 2606860 2690092 2772115 2853398 2927043 3020755 
0 0 0 0 0 0 0 0 0 0 0 0 0 0 0 0 0 0 0 392666 1996784 2458028 2533812 2610231 2690195 2772115 2864024 2944371 3024834 3094135 
0 0 0 0 0 0 0 0 0 0 0 0 0 0 0 0 0 0 0 0 419728 2131953 2613907 2684490 2764229 2853398 2944371 3020638 3095504 3177723 
0 0 0 0 0 0 0 0 0 0 0 0 0 0 0 0 0 0 0 0 0 449888 2268562 2783689 2845952 2927043 3024834 3095504 3190764 3278281 
0 0 0 0 0 0 0 0 0 0 0 0 0 0 0 0 0 0 0 0 0 0 479674 2409964 2950550 3020755 3094135 3177723 3278281 3378182 


0 0 0 0 0 0 109959 428242 133050 0 0 0 0 0 0 0 0 0 0 0 0 0 0 0 0 0 0 0 0 0 
0 0 0 0 0 73300 437331 589326 520870 98952 0 0 0 0 0 0 0 0 0 0 0 0 0 0 0 0 0 0 0 0 
0 0 0 0 48186 253866 305083 325564 366307 352209 77503 0 0 0 0 0 0 0 0 0 0 0 0 0 0 0 0 0 0 0 
0 0 0 42910 215572 259212 273903 297532 332352 371331 362223 82870 0 0 0 0 0 0 0 0 0 0 0 0 0 0 0 0 0 0 
0 0 48186 215572 256920 280618 301928 328806 367131 403077 448230 426596 96812 0 0 0 0 0 0 0 0 0 0 0 0 0 0 0 0 0 
0 73300 253866 259212 280618 312728 338747 372422 408814 445510 490192 543403 506872 114697 0 0 0 0 0 0 0 0 0 0 0 0 0 0 0 0 
109959 437331 305083 273903 301928 338747 372600 410310 446512 489982 536611 589173 641905 588078 132476 0 0 0 0 0 0 0 0 0 0 0 0 0 0 0 
428242 589326 325564 297532 328806 372422 410310 451050 491500 537638 584846 636998 697354 751738 682806 148984 0 0 0 0 0 0 0 0 0 0 0 0 0 0 
133050 520870 366307 332352 367131 408814 446512 491500 530796 579888 631583 681684 735191 790608 852281 760611 161496 0 0 0 0 0 0 0 0 0 0 0 0 0 
0 98952 352209 371331 403077 445510 489982 537638 579888 624624 674019 727097 777967 832598 891787 951736 850370 182664 0 0 0 0 0 0 0 0 0 0 0 0 
0 0 77503 362223 448230 490192 536611 584846 631583 674019 732460 783359 830879 891680 950211 1005264 1069771 942790 203935 0 0 0 0 0 0 0 0 0 0 0 
0 0 0 82870 426596 543403 589173 636998 681684 727097 783359 838696 888132 946920 1011661 1064431 1120279 1187058 1044585 223764 0 0 0 0 0 0 0 0 0 0 
0 0 0 0 96812 506872 641905 697354 735191 777967 830879 888132 946086 1010790 1075563 1127864 1183245 1253176 1316757 1161609 249125 0 0 0 0 0 0 0 0 0 
0 0 0 0 0 114697 588078 751738 790608 832598 891680 946920 1010790 1070476 1139331 1196950 1262457 1329779 1396412 1464692 1284439 274534 0 0 0 0 0 0 0 0 
0 0 0 0 0 0 132476 682806 852281 891787 950211 1011661 1075563 1139331 1218698 1279269 1342262 1409513 1479132 1545619 1616723 1417694 302900 0 0 0 0 0 0 0 
0 0 0 0 0 0 0 148984 760611 951736 1005264 1064431 1127864 1196950 1279269 1344878 1404345 1476104 1538445 1607525 1690213 1767906 1547586 329724 0 0 0 0 0 0 
0 0 0 0 0 0 0 0 161496 850370 1069771 1120279 1183245 1262457 1342262 1404345 1483308 1555884 1619334 1687925 1768797 1842596 1925167 1679945 355295 0 0 0 0 0 
0 0 0 0 0 0 0 0 0 182664 942790 1187058 1253176 1329779 1409513 1476104 1555884 1637144 1702726 1767578 1843048 1930086 2001162 2077112 1805440 382992 0 0 0 0 
0 0 0 0 0 0 0 0 0 0 203935 1044585 1316757 1396412 1479132 1538445 1619334 1702726 1776778 1847802 1918716 2000900 2086313 2163440 2229747 1943501 408987 0 0 0 
0 0 0 0 0 0 0 0 0 0 0 223764 1161609 1464692 1545619 1607525 1687925 1767578 1847802 1932506 2010875 2085488 2168656 2249246 2335099 2405199 2084349 431872 0 0 
0 0 0 0 0 0 0 0 0 0 0 0 249125 1284439 1616723 1690213 1768797 1843048 1918716 2010875 2096904 2180144 2261251 2339447 2422501 2492675 2582426 2220302 462545 0 
0 0 0 0 0 0 0 0 0 0 0 0 0 274534 1417694 1767906 1842596 1930086 2000900 2085488 2180144 2269440 2355541 2432681 2514037 2594771 2676856 2759183 2372023 496605 
0 0 0 0 0 0 0 0 0 0 0 0 0 0 302900 1547586 1925167 2001162 2086313 2168656 2261251 2355541 2455236 2523718 2601634 2691585 2779467 2849569 2934542 2536113 
0 0 0 0 0 0 0 0 0 0 0 0 0 0 0 329724 1679945 2077112 2163440 2249246 2339447 2432681 2523718 2614492 2683383 2774410 2871213 2943475 3031213 3124035 
0 0 0 0 0 0 0 0 0 0 0 0 0 0 0 0 355295 1805440 2229747 2335099 2422501 2514037 2601634 2683383 2759070 2847876 2943090 3038491 3118615 3204656 
0 0 0 0 0 0 0 0 0 0 0 0 0 0 0 0 0 382992 1943501 2405199 2492675 2594771 2691585 2774410 2847876 2937704 3034869 3119008 3213613 3296694 
0 0 0 0 0 0 0 0 0 0 0 0 0 0 0 0 0 0 408987 2084349 2582426 2676856 2779467 2871213 2943090 3034869 3131936 3213916 3311399 3399434 
0 0 0 0 0 0 0 0 0 0 0 0 0 0 0 0 0 0 0 431872 2220302 2759183 2849569 2943475 3038491 3119008 3213916 3292524 3387945 3482157 
0 0 0 0 0 0 0 0 0 0 0 0 0 0 0 0 0 0 0 0 462545 2372023 2934542 3031213 3118615 3213613 3311399 3387945 3488182 3583184 
0 0 0 0 0 0 0 0 0 0 0 0 0 0 0 0 0 0 0 0 0 496605 2536113 3124035 3204656 3296694 3399434 3482157 3583184 3694508 


0 0 0 0 0 0 0 133050 498590 149247 0 0 0 0 0 0 0 0 0 0 0 0 0 0 0 0 0 0 0 0 
0 0 0 0 0 0 87273 520870 689478 590794 113032 0 0 0 0 0 0 0 0 0 0 0 0 0 0 0 0 0 0 0 
0 0 0 0 0 58457 304154 366307 382010 421613 403129 88096 0 0 0 0 0 0 0 0 0 0 0 0 0 0 0 0 0 0 
0 0 0 0 51858 261121 313837 332352 355388 385844 431559 408143 92341 0 0 0 0 0 0 0 0 0 0 0 0 0 0 0 0 0 
0 0 0 51858 257254 312108 335439 367131 394888 424188 465903 514229 480758 107873 0 0 0 0 0 0 0 0 0 0 0 0 0 0 0 0 
0 0 58457 261121 312108 342094 370865 408814 440520 476110 519330 564172 619537 570893 125618 0 0 0 0 0 0 0 0 0 0 0 0 0 0 0 
0 87273 304154 313837 335439 370865 407110 446512 483036 527681 573866 621712 669631 729652 667957 143407 0 0 0 0 0 0 0 0 0 0 0 0 0 0 
133050 520870 366307 332352 367131 408814 446512 491500 530796 579888 631583 681684 735191 790608 852281 760611 161496 0 0 0 0 0 0 0 0 0 0 0 0 0 
498590 689478 382010 355388 394888 440520 483036 530796 577782 627748 675250 728054 784528 839850 897754 951758 840690 179882 0 0 0 0 0 0 0 0 0 0 0 0 
149247 590794 421613 385844 424188 476110 527681 579888 627748 672486 723095 773536 835523 892432 950855 1002267 1062589 942162 201533 0 0 0 0 0 0 0 0 0 0 0 
0 113032 403129 431559 465903 519330 573866 631583 675250 723095 779884 839594 895012 954988 1015334 1070110 1121509 1186976 1054607 223293 0 0 0 0 0 0 0 0 0 0 
0 0 88096 408143 514229 564172 621712 681684 728054 773536 839594 895894 954634 1017481 1082875 1137145 1190938 1253476 1317539 1166584 244334 0 0 0 0 0 0 0 0 0 
0 0 0 92341 480758 619537 669631 735191 784528 835523 895012 954634 1018904 1085764 1151097 1207895 1267045 1334631 1397127 1463401 1293616 272296 0 0 0 0 0 0 0 0 
0 0 0 0 107873 570893 729652 790608 839850 892432 954988 1017481 1085764 1151152 1224399 1284063 1352741 1421133 1488922 1547342 1624417 1421546 300768 0 0 0 0 0 0 0 
0 0 0 0 0 125618 667957 852281 897754 950855 1015334 1082875 1151097 1224399 1307716 1377398 1440377 1515715 1585738 1648672 1721295 1798916 1576527 332833 0 0 0 0 0 0 
0 0 0 0 0 0 143407 760611 951758 1002267 1070110 1137145 1207895 1284063 1377398 1442260 1512732 1588083 1659535 1726752 1802464 1889943 1964905 1713862 359304 0 0 0 0 0 
0 0 0 0 0 0 0 161496 840690 1062589 1121509 1190938 1267045 1352741 1440377 1512732 1591676 1666936 1742375 1816843 1894800 1975417 2057675 2134528 1854197 391829 0 0 0 0 
0 0 0 0 0 0 0 0 179882 942162 1186976 1253476 1334631 1421133 1515715 1588083 1666936 1751900 1832818 1908671 1979190 2063361 2144564 2218369 2298794 1995678 416461 0 0 0 
0 0 0 0 0 0 0 0 0 201533 1054607 1317539 1397127 1488922 1585738 1659535 1742375 1832818 1912174 1994095 2065044 2146399 2237494 2320004 2396271 2471301 2136246 445149 0 0 
0 0 0 0 0 0 0 0 0 0 223293 1166584 1463401 1547342 1648672 1726752 1816843 1908671 1994095 2077478 2158215 2240961 2337898 2411263 2493677 2574235 2666834 2276887 474290 0 
0 0 0 0 0 0 0 0 0 0 0 244334 1293616 1624417 1721295 1802464 1894800 1979190 2065044 2158215 2235906 2331039 2427416 2506312 2591874 2676040 2763536 2844889 2437375 507198 
0 0 0 0 0 0 0 0 0 0 0 0 272296 1421546 1798916 1889943 1975417 2063361 2146399 2240961 2331039 2422592 2523326 2607915 2691169 2780152 2870447 2951679 3045083 2604783 
0 0 0 0 0 0 0 0 0 0 0 0 0 300768 1576527 1964905 2057675 2144564 2237494 2337898 2427416 2523326 2630160 2708869 2792950 2884077 2984972 3057302 3151983 3232012 
0 0 0 0 0 0 0 0 0 0 0 0 0 0 332833 1713862 2134528 2218369 2320004 2411263 2506312 2607915 2708869 2790676 2881995 2980317 3081963 3162502 3253293 3342534 
0 0 0 0 0 0 0 0 0 0 0 0 0 0 0 359304 1854197 2298794 2396271 2493677 2591874 2691169 2792950 2881995 2958290 3065873 3161895 3249234 3343112 3438558 
0 0 0 0 0 0 0 0 0 0 0 0 0 0 0 0 391829 1995678 2471301 2574235 2676040 2780152 2884077 2980317 3065873 3150372 3259602 3346224 3443845 3536674 
0 0 0 0 0 0 0 0 0 0 0 0 0 0 0 0 0 416461 2136246 2666834 2763536 2870447 2984972 3081963 3161895 3259602 3358974 3450315 3548466 3647523 
0 0 0 0 0 0 0 0 0 0 0 0 0 0 0 0 0 0 445149 2276887 2844889 2951679 3057302 3162502 3249234 3346224 3450315 3538998 3641777 3736408 
0 0 0 0 0 0 0 0 0 0 0 0 0 0 0 0 0 0 0 474290 2437375 3045083 3151983 3253293 3343112 3443845 3548466 3641777 3754874 3847641 
0 0 0 0 0 0 0 0 0 0 0 0 0 0 0 0 0 0 0 0 507198 2604783 3232012 3342534 3438558 3536674 3647523 3736408 3847641 3965336 


0 0 0 0 0 0 0 0 149247 565140 171435 0 0 0 0 0 0 0 0 0 0 0 0 0 0 0 0 0 0 0 
0 0 0 0 0 0 0 98952 590794 772206 680167 131511 0 0 0 0 0 0 0 0 0 0 0 0 0 0 0 0 0 0 
0 0 0 0 0 0 67459 352209 421613 439928 483662 462809 98357 0 0 0 0 0 0 0 0 0 0 0 0 0 0 0 0 0 
0 0 0 0 0 61625 310413 371331 385844 407436 445698 493267 461071 102888 0 0 0 0 0 0 0 0 0 0 0 0 0 0 0 0 
0 0 0 0 60622 306300 374952 403077 424188 455518 493450 534580 585282 541604 121032 0 0 0 0 0 0 0 0 0 0 0 0 0 0 0 
0 0 0 61625 306300 377096 408351 445510 476110 510294 552053 596185 644693 701500 642740 140644 0 0 0 0 0 0 0 0 0 0 0 0 0 0 
0 0 67459 310413 374952 408351 446362 489982 527681 568776 613901 662144 709076 765077 824188 744766 161386 0 0 0 0 0 0 0 0 0 0 0 0 0 
0 98952 352209 371331 403077 445510 489982 537638 579888 624624 674019 727097 777967 832598 891787 951736 850370 182664 0 0 0 0 0 0 0 0 0 0 0 0 
149247 590794 421613 385844 424188 476110 527681 579888 627748 672486 723095 773536 835523 892432 950855 1002267 1062589 942162 201533 0 0 0 0 0 0 0 0 0 0 0 
565140 772206 439928 407436 455518 510294 568776 624624 672486 722700 774414 825542 891404 949810 1013710 1066988 1120268 1180372 1052648 224768 0 0 0 0 0 0 0 0 0 0 
171435 680167 483662 445698 493450 552053 613901 674019 723095 774414 833198 892138 964489 1023924 1086040 1148594 1196965 1251986 1319777 1168616 249875 0 0 0 0 0 0 0 0 0 
0 131511 462809 493267 534580 596185 662144 727097 773536 825542 892138 953336 1023408 1093809 1160497 1223053 1277651 1334698 1398242 1469450 1293261 273540 0 0 0 0 0 0 0 0 
0 0 98357 461071 585282 644693 709076 777967 835523 891404 964489 1023408 1086658 1163688 1235830 1295790 1357213 1429544 1488246 1555699 1637080 1430332 304407 0 0 0 0 0 0 0 
0 0 0 102888 541604 701500 765077 832598 892432 949810 1023924 1093809 1163688 1228844 1310271 1377806 1443127 1523038 1591806 1648655 1723381 1802868 1579249 334315 0 0 0 0 0 0 
0 0 0 0 121032 642740 824188 891787 950855 1013710 1086040 1160497 1235830 1310271 1391108 1470707 1540077 1617827 1697622 1760954 1828463 1913903 1995551 1742226 370138 0 0 0 0 0 
0 0 0 0 0 140644 744766 951736 1002267 1066988 1148594 1223053 1295790 1377806 1470707 1545196 1617077 1698539 1774850 1850227 1922717 2006418 2092978 2173303 1882672 400630 0 0 0 0 
0 0 0 0 0 0 161386 850370 1062589 1120268 1196965 1277651 1357213 1443127 1540077 1617077 1703678 1776606 1862715 1940827 2025924 2105267 2190355 2264576 2346477 2047954 430826 0 0 0 
0 0 0 0 0 0 0 182664 942162 1180372 1251986 1334698 1429544 1523038 1617827 1698539 1776606 1867694 1957271 2040690 2123019 2202527 2283584 2368970 2444383 2531511 2192351 458150 0 0 
0 0 0 0 0 0 0 0 201533 1052648 1319777 1398242 1488246 1591806 1697622 1774850 1862715 1957271 2050148 2132662 2216203 2299183 2388118 2471902 2545028 2628255 2712849 2336045 490858 0 
0 0 0 0 0 0 0 0 0 224768 1168616 1469450 1555699 1648655 1760954 1850227 1940827 2040690 2132662 2220344 2307599 2403415 2496829 2579187 2650172 2736121 2825876 2906741 2500251 525577 
0 0 0 0 0 0 0 0 0 0 249875 1293261 1637080 1723381 1828463 1922717 2025924 2123019 2216203 2307599 2401878 2494777 2587645 2681239 2762435 2854881 2939855 3019698 3107160 2675892 
0 0 0 0 0 0 0 0 0 0 0 273540 1430332 1802868 1913903 2006418 2105267 2202527 2299183 2403415 2494777 2588954 2698214 2786481 2876566 2968210 3057408 3142994 3230434 3319463 
0 0 0 0 0 0 0 0 0 0 0 0 304407 1579249 1995551 2092978 2190355 2283584 2388118 2496829 2587645 2698214 2805396 2899313 2983476 3072569 3178590 3258192 3346633 3439916 
0 0 0 0 0 0 0 0 0 0 0 0 0 334315 1742226 2173303 2264576 2368970 2471902 2579187 2681239 2786481 2899313 2989284 3078590 3181392 3280958 3364452 3459851 3557597 
0 0 0 0 0 0 0 0 0 0 0 0 0 0 370138 1882672 2346477 2444383 2545028 2650172 2762435 2876566 2983476 3078590 3174774 3273953 3377672 3471491 3564297 3660611 
0 0 0 0 0 0 0 0 0 0 0 0 0 0 0 400630 2047954 2531511 2628255 2736121 2854881 2968210 3072569 3181392 3273953 3368320 3472481 3569633 3679684 3773841 
0 0 0 0 0 0 0 0 0 0 0 0 0 0 0 0 430826 2192351 2712849 2825876 2939855 3057408 3178590 3280958 3377672 3472481 3583260 3681806 3791187 3890114 
0 0 0 0 0 0 0 0 0 0 0 0 0 0 0 0 0 458150 2336045 2906741 3019698 3142994 3258192 3364452 3471491 3569633 3681806 3768724 3880556 3984280 
0 0 0 0 0 0 0 0 0 0 0 0 0 0 0 0 0 0 490858 2500251 3107160 3230434 3346633 3459851 3564297 3679684 3791187 3880556 3996098 4100258 
0 0 0 0 0 0 0 0 0 0 0 0 0 0 0 0 0 0 0 525577 2675892 3319463 3439916 3557597 3660611 3773841 3890114 3984280 4100258 4209408 


0 0 0 0 0 0 0 0 0 171435 652892 201524 0 0 0 0 0 0 0 0 0 0 0 0 0 0 0 0 0 0 
0 0 0 0 0 0 0 0 113032 680167 898712 789424 147010 0 0 0 0 0 0 0 0 0 0 0 0 0 0 0 0 0 
0 0 0 0 0 0 0 77503 403129 483662 511758 564940 518591 110290 0 0 0 0 0 0 0 0 0 0 0 0 0 0 0 0 
0 0 0 0 0 0 73198 362223 431559 445698 477586 515874 563491 520112 115368 0 0 0 0 0 0 0 0 0 0 0 0 0 0 0 
0 0 0 0 0 71913 366296 448230 465903 493450 531520 569449 612847 671152 612547 134087 0 0 0 0 0 0 0 0 0 0 0 0 0 0 
0 0 0 0 71913 367142 455919 490192 519330 552053 596710 641763 686073 745906 804553 721485 156491 0 0 0 0 0 0 0 0 0 0 0 0 0 
0 0 0 73198 366296 455919 493792 536611 573866 613901 662414 706786 758248 818992 871589 930712 833565 179340 0 0 0 0 0 0 0 0 0 0 0 0 
0 0 77503 362223 448230 490192 536611 584846 631583 674019 732460 783359 830879 891680 950211 1005264 1069771 942790 203935 0 0 0 0 0 0 0 0 0 0 0 
0 113032 403129 431559 465903 519330 573866 631583 675250 723095 779884 839594 895012 954988 1015334 1070110 1121509 1186976 1054607 223293 0 0 0 0 0 0 0 0 0 0 
171435 680167 483662 445698 493450 552053 613901 674019 723095 774414 833198 892138 964489 1023924 1086040 1148594 1196965 1251986 1319777 1168616 249875 0 0 0 0 0 0 0 0 0 
652892 898712 511758 477586 531520 596710 662414 732460 779884 833198 894870 958054 1036476 1100706 1164136 1234158 1297068 1344912 1410388 1475622 1294918 274916 0 0 0 0 0 0 0 0 
201524 789424 564940 515874 569449 641763 706786 783359 839594 892138 958054 1018570 1101835 1178470 1247086 1309694 1371617 1435861 1505114 1577768 1648271 1434570 301336 0 0 0 0 0 0 0 
0 147010 518591 563491 612847 686073 758248 830879 895012 964489 1036476 1101835 1171460 1250644 1335947 1393820 1457251 1530831 1605200 1677153 1745619 1818610 1593560 337205 0 0 0 0 0 0 
0 0 110290 520112 671152 745906 818992 891680 954988 1023924 1100706 1178470 1250644 1326716 1413295 1484375 1552218 1625564 1708871 1779205 1852254 1931763 2011199 1748501 366804 0 0 0 0 0 
0 0 0 115368 612547 804553 871589 950211 1015334 1086040 1164136 1247086 1335947 1413295 1505046 1582566 1658337 1738373 1818255 1897754 1972421 2052650 2141799 2221107 1927938 405109 0 0 0 0 
0 0 0 0 134087 721485 930712 1005264 1070110 1148594 1234158 1309694 1393820 1484375 1582566 1660838 1737787 1825381 1906425 1989248 2072932 2153382 2241794 2328904 2406138 2087673 439591 0 0 0 
0 0 0 0 0 156491 833565 1069771 1121509 1196965 1297068 1371617 1457251 1552218 1658337 1737787 1818906 1912835 1999847 2084444 2164167 2258895 2347513 2424964 2503942 2589835 2245426 468826 0 0 
0 0 0 0 0 0 179340 942790 1186976 1251986 1344912 1435861 1530831 1625564 1738373 1825381 1912835 1996996 2094570 2189265 2271801 2360207 2455114 2543174 2621751 2701767 2798751 2393165 501467 0 
0 0 0 0 0 0 0 203935 1054607 1319777 1410388 1505114 1605200 1708871 1818255 1906425 1999847 2094570 2190036 2291445 2378763 2462167 2562662 2657144 2735756 2820292 2900110 2986710 2561421 533989 
0 0 0 0 0 0 0 0 223293 1168616 1475622 1577768 1677153 1779205 1897754 1989248 2084444 2189265 2291445 2383124 2478881 2572954 2669235 2765946 2842768 2934293 3025845 3113901 3195665 2746361 
0 0 0 0 0 0 0 0 0 249875 1294918 1648271 1745619 1852254 1972421 2072932 2164167 2271801 2378763 2478881 2570136 2676886 2775289 2871099 2955369 3056158 3145432 3234843 3321622 3417257 
0 0 0 0 0 0 0 0 0 0 274916 1434570 1818610 1931763 2052650 2153382 2258895 2360207 2462167 2572954 2676886 2782674 2890412 2993909 3082412 3178654 3276230 3357638 3460347 3548282 
0 0 0 0 0 0 0 0 0 0 0 301336 1593560 2011199 2141799 2241794 2347513 2455114 2562662 2669235 2775289 2890412 3007876 3110378 3202929 3297441 3400421 3488016 3586582 3687525 
0 0 0 0 0 0 0 0 0 0 0 0 337205 1748501 2221107 2328904 2424964 2543174 2657144 2765946 2871099 2993909 3110378 3208940 3309376 3409798 3521421 3600669 3701639 3810063 
0 0 0 0 0 0 0 0 0 0 0 0 0 366804 1927938 2406138 2503942 2621751 2735756 2842768 2955369 3082412 3202929 3309376 3399124 3509194 3624076 3723440 3826935 3920578 
0 0 0 0 0 0 0 0 0 0 0 0 0 0 405109 2087673 2589835 2701767 2820292 2934293 3056158 3178654 3297441 3409798 3509194 3614270 3723033 3834078 3954217 4057484 
0 0 0 0 0 0 0 0 0 0 0 0 0 0 0 439591 2245426 2798751 2900110 3025845 3145432 3276230 3400421 3521421 3624076 3723033 3841956 3944695 4072495 4169043 
0 0 0 0 0 0 0 0 0 0 0 0 0 0 0 0 468826 2393165 2986710 3113901 3234843 3357638 3488016 3600669 3723440 3834078 3944695 4039140 4170776 4283023 
0 0 0 0 0 0 0 0 0 0 0 0 0 0 0 0 0 501467 2561421 3195665 3321622 3460347 3586582 3701639 3826935 3954217 4072495 4170776 4283702 4401701 
0 0 0 0 0 0 0 0 0 0 0 0 0 0 0 0 0 0 533989 2746361 3417257 3548282 3687525 3810063 3920578 4057484 4169043 4283023 4401701 4529794 


0 0 0 0 0 0 0 0 0 0 201524 746432 219230 0 0 0 0 0 0 0 0 0 0 0 0 0 0 0 0 0 
0 0 0 0 0 0 0 0 0 131511 789424 1034538 873708 163342 0 0 0 0 0 0 0 0 0 0 0 0 0 0 0 0 
0 0 0 0 0 0 0 0 88096 462809 564940 592302 640630 575639 121533 0 0 0 0 0 0 0 0 0 0 0 0 0 0 0 
0 0 0 0 0 0 0 82870 408143 493267 515874 547962 586962 635898 584520 128906 0 0 0 0 0 0 0 0 0 0 0 0 0 0 
