86673 8291 0 0 0 0 0 0 0 0 0 0 0 0 0 0 0 0 0 0 0 0 0 0 0 0 0 0 0 0 
8291 620849 34218 0 0 0 0 0 0 0 0 0 0 0 0 0 0 0 0 0 0 0 0 0 0 0 0 0 0 0 
0 34218 1673127 77454 0 0 0 0 0 0 0 0 0 0 0 0 0 0 0 0 0 0 0 0 0 0 0 0 0 0 
0 0 77454 3238165 136296 0 0 0 0 0 0 0 0 0 0 0 0 0 0 0 0 0 0 0 0 0 0 0 0 0 
0 0 0 136296 5299272 212403 0 0 0 0 0 0 0 0 0 0 0 0 0 0 0 0 0 0 0 0 0 0 0 0 
0 0 0 0 212403 7852159 303168 0 0 0 0 0 0 0 0 0 0 0 0 0 0 0 0 0 0 0 0 0 0 0 
0 0 0 0 0 303168 10866545 409298 0 0 0 0 0 0 0 0 0 0 0 0 0 0 0 0 0 0 0 0 0 0 
0 0 0 0 0 0 409298 14353827 529711 0 0 0 0 0 0 0 0 0 0 0 0 0 0 0 0 0 0 0 0 0 
0 0 0 0 0 0 0 529711 18297686 666808 0 0 0 0 0 0 0 0 0 0 0 0 0 0 0 0 0 0 0 0 
0 0 0 0 0 0 0 0 666808 22673710 815845 0 0 0 0 0 0 0 0 0 0 0 0 0 0 0 0 0 0 0 
0 0 0 0 0 0 0 0 0 815845 27484003 980448 0 0 0 0 0 0 0 0 0 0 0 0 0 0 0 0 0 0 
0 0 0 0 0 0 0 0 0 0 980448 32708389 1157662 0 0 0 0 0 0 0 0 0 0 0 0 0 0 0 0 0 
0 0 0 0 0 0 0 0 0 0 0 1157662 38351949 1349859 0 0 0 0 0 0 0 0 0 0 0 0 0 0 0 0 
0 0 0 0 0 0 0 0 0 0 0 0 1349859 44383828 1550850 0 0 0 0 0 0 0 0 0 0 0 0 0 0 0 
0 0 0 0 0 0 0 0 0 0 0 0 0 1550850 50814893 1768411 0 0 0 0 0 0 0 0 0 0 0 0 0 0 
0 0 0 0 0 0 0 0 0 0 0 0 0 0 1768411 57612494 1997059 0 0 0 0 0 0 0 0 0 0 0 0 0 
0 0 0 0 0 0 0 0 0 0 0 0 0 0 0 1997059 64775166 2236944 0 0 0 0 0 0 0 0 0 0 0 0 
0 0 0 0 0 0 0 0 0 0 0 0 0 0 0 0 2236944 72309041 2483652 0 0 0 0 0 0 0 0 0 0 0 
0 0 0 0 0 0 0 0 0 0 0 0 0 0 0 0 0 2483652 80185736 2751365 0 0 0 0 0 0 0 0 0 0 
0 0 0 0 0 0 0 0 0 0 0 0 0 0 0 0 0 0 2751365 88370839 3022381 0 0 0 0 0 0 0 0 0 
0 0 0 0 0 0 0 0 0 0 0 0 0 0 0 0 0 0 0 3022381 96892447 3305402 0 0 0 0 0 0 0 0 
0 0 0 0 0 0 0 0 0 0 0 0 0 0 0 0 0 0 0 0 3305402 105759104 3600378 0 0 0 0 0 0 0 
0 0 0 0 0 0 0 0 0 0 0 0 0 0 0 0 0 0 0 0 0 3600378 114884367 3903276 0 0 0 0 0 0 
0 0 0 0 0 0 0 0 0 0 0 0 0 0 0 0 0 0 0 0 0 0 3903276 124319933 4216140 0 0 0 0 0 
0 0 0 0 0 0 0 0 0 0 0 0 0 0 0 0 0 0 0 0 0 0 0 4216140 134053577 4543371 0 0 0 0 
0 0 0 0 0 0 0 0 0 0 0 0 0 0 0 0 0 0 0 0 0 0 0 0 4543371 144059043 4868286 0 0 0 
0 0 0 0 0 0 0 0 0 0 0 0 0 0 0 0 0 0 0 0 0 0 0 0 0 4868286 154298361 5215918 0 0 
0 0 0 0 0 0 0 0 0 0 0 0 0 0 0 0 0 0 0 0 0 0 0 0 0 0 5215918 164859334 5563054 0 
0 0 0 0 0 0 0 0 0 0 0 0 0 0 0 0 0 0 0 0 0 0 0 0 0 0 0 5563054 175623135 5912270 
0 0 0 0 0 0 0 0 0 0 0 0 0 0 0 0 0 0 0 0 0 0 0 0 0 0 0 0 5912270 186634580 


8231 65947 34340 0 0 0 0 0 0 0 0 0 0 0 0 0 0 0 0 0 0 0 0 0 0 0 0 0 0 27 
66164 236576 343344 115189 0 0 0 0 0 0 0 0 0 0 0 0 0 0 0 0 0 0 0 0 0 0 0 0 0 0 
34340 343344 651820 786445 234693 0 0 0 0 0 0 0 0 0 0 0 0 0 0 0 0 0 0 0 0 0 0 0 0 0 
0 115189 786445 1266970 1399851 392703 0 0 0 0 0 0 0 0 0 0 0 0 0 0 0 0 0 0 0 0 0 0 0 0 
0 0 234693 1399851 2079880 2183524 587200 0 0 0 0 0 0 0 0 0 0 0 0 0 0 0 0 0 0 0 0 0 0 0 
0 0 0 392703 2183524 3087786 3126639 818008 0 0 0 0 0 0 0 0 0 0 0 0 0 0 0 0 0 0 0 0 0 0 
0 0 0 0 587200 3126639 4267948 4227678 1086153 0 0 0 0 0 0 0 0 0 0 0 0 0 0 0 0 0 0 0 0 0 
0 0 0 0 0 818008 4227678 5646720 5489677 1385357 0 0 0 0 0 0 0 0 0 0 0 0 0 0 0 0 0 0 0 0 
0 0 0 0 0 0 1086153 5489677 7200072 6903920 1720638 0 0 0 0 0 0 0 0 0 0 0 0 0 0 0 0 0 0 0 
0 0 0 0 0 0 0 1385357 6903920 8914064 8458521 2087620 0 0 0 0 0 0 0 0 0 0 0 0 0 0 0 0 0 0 
0 0 0 0 0 0 0 0 1720638 8458521 10818232 10161938 2487391 0 0 0 0 0 0 0 0 0 0 0 0 0 0 0 0 0 
0 0 0 0 0 0 0 0 0 2087620 10161938 12876294 12003589 2916820 0 0 0 0 0 0 0 0 0 0 0 0 0 0 0 0 
0 0 0 0 0 0 0 0 0 0 2487391 12003589 15095278 13987003 3376789 0 0 0 0 0 0 0 0 0 0 0 0 0 0 0 
0 0 0 0 0 0 0 0 0 0 0 2916820 13987003 17481728 16099029 3869373 0 0 0 0 0 0 0 0 0 0 0 0 0 0 
0 0 0 0 0 0 0 0 0 0 0 0 3376789 16099029 20015406 18345642 4391884 0 0 0 0 0 0 0 0 0 0 0 0 0 
0 0 0 0 0 0 0 0 0 0 0 0 0 3869373 18345642 22690716 20705644 4934571 0 0 0 0 0 0 0 0 0 0 0 0 
0 0 0 0 0 0 0 0 0 0 0 0 0 0 4391884 20705644 25522728 23197716 5514474 0 0 0 0 0 0 0 0 0 0 0 
0 0 0 0 0 0 0 0 0 0 0 0 0 0 0 4934571 23197716 28476852 25805337 6114045 0 0 0 0 0 0 0 0 0 0 
0 0 0 0 0 0 0 0 0 0 0 0 0 0 0 0 5514474 25805337 31609756 28539792 6738159 0 0 0 0 0 0 0 0 0 
0 0 0 0 0 0 0 0 0 0 0 0 0 0 0 0 0 6114045 28539792 34805810 31365478 7392193 0 0 0 0 0 0 0 0 
0 0 0 0 0 0 0 0 0 0 0 0 0 0 0 0 0 0 6738159 31365478 38184604 34314559 8067335 0 0 0 0 0 0 0 
0 0 0 0 0 0 0 0 0 0 0 0 0 0 0 0 0 0 0 7392193 34314559 41668360 37375793 8762900 0 0 0 0 0 0 
0 0 0 0 0 0 0 0 0 0 0 0 0 0 0 0 0 0 0 0 8067335 37375793 45268622 40519225 9483368 0 0 0 0 0 
0 0 0 0 0 0 0 0 0 0 0 0 0 0 0 0 0 0 0 0 0 8762900 40519225 48975492 43771729 10224022 0 0 0 0 
0 0 0 0 0 0 0 0 0 0 0 0 0 0 0 0 0 0 0 0 0 0 9483368 43771729 52835086 47109623 10988697 0 0 0 
0 0 0 0 0 0 0 0 0 0 0 0 0 0 0 0 0 0 0 0 0 0 0 10224022 47109623 56772858 50531195 11775586 0 0 
0 0 0 0 0 0 0 0 0 0 0 0 0 0 0 0 0 0 0 0 0 0 0 0 10988697 50531195 60813786 54072597 12578374 0 
0 0 0 0 0 0 0 0 0 0 0 0 0 0 0 0 0 0 0 0 0 0 0 0 0 11775586 54072597 64966684 57674977 13398798 
0 0 0 0 0 0 0 0 0 0 0 0 0 0 0 0 0 0 0 0 0 0 0 0 0 0 12578374 57674977 69205570 61365300 
40 0 0 0 0 0 0 0 0 0 0 0 0 0 0 0 0 0 0 0 0 0 0 0 0 0 0 13398798 61365300 73539850 


106 34602 180928 77781 0 0 0 0 0 0 0 0 0 0 0 0 0 0 0 0 0 0 0 0 0 0 0 0 40 106 
34602 343484 653199 788402 235074 0 0 0 0 0 0 0 0 0 0 0 0 0 0 0 0 0 0 0 0 0 0 0 0 0 
180928 653199 1080586 1508272 1656239 452319 0 0 0 0 0 0 0 0 0 0 0 0 0 0 0 0 0 0 0 0 0 0 0 0 
77781 788402 1508272 2101670 2699230 2804792 728497 0 0 0 0 0 0 0 0 0 0 0 0 0 0 0 0 0 0 0 0 0 0 0 
0 235074 1656239 2699230 3450654 4206718 4218461 1063100 0 0 0 0 0 0 0 0 0 0 0 0 0 0 0 0 0 0 0 0 0 0 
0 0 452319 2804792 4206718 5121748 6025825 5904676 1453452 0 0 0 0 0 0 0 0 0 0 0 0 0 0 0 0 0 0 0 0 0 
0 0 0 728497 4218461 6025825 7086274 8148697 7840801 1898304 0 0 0 0 0 0 0 0 0 0 0 0 0 0 0 0 0 0 0 0 
0 0 0 0 1063100 5904676 8148697 9379182 10584758 10029097 2393621 0 0 0 0 0 0 0 0 0 0 0 0 0 0 0 0 0 0 0 
0 0 0 0 0 1453452 7840801 10584758 11948310 13305828 12469273 2945729 0 0 0 0 0 0 0 0 0 0 0 0 0 0 0 0 0 0 
0 0 0 0 0 0 1898304 10029097 13305828 14810810 16311522 15135688 3546822 0 0 0 0 0 0 0 0 0 0 0 0 0 0 0 0 0 
0 0 0 0 0 0 0 2393621 12469273 16311522 17954492 19601953 18046558 4200663 0 0 0 0 0 0 0 0 0 0 0 0 0 0 0 0 
0 0 0 0 0 0 0 0 2945729 15135688 19601953 21377206 23158092 21185735 4899745 0 0 0 0 0 0 0 0 0 0 0 0 0 0 0 
0 0 0 0 0 0 0 0 0 3546822 18046558 23158092 25064688 26969537 24547142 5640848 0 0 0 0 0 0 0 0 0 0 0 0 0 0 
0 0 0 0 0 0 0 0 0 0 4200663 21185735 26969537 29024252 31047808 28112244 6437788 0 0 0 0 0 0 0 0 0 0 0 0 0 
0 0 0 0 0 0 0 0 0 0 0 4899745 24547142 31047808 33231366 35391058 31900701 7273683 0 0 0 0 0 0 0 0 0 0 0 0 
0 0 0 0 0 0 0 0 0 0 0 0 5640848 28112244 35391058 37669174 39945859 35882563 8152165 0 0 0 0 0 0 0 0 0 0 0 
0 0 0 0 0 0 0 0 0 0 0 0 0 6437788 31900701 39945859 42360582 44768264 40067225 9082844 0 0 0 0 0 0 0 0 0 0 
0 0 0 0 0 0 0 0 0 0 0 0 0 0 7273683 35882563 44768264 47287064 49815760 44433612 10041664 0 0 0 0 0 0 0 0 0 
0 0 0 0 0 0 0 0 0 0 0 0 0 0 0 8152165 40067225 49815760 52439764 55067296 49009388 11043179 0 0 0 0 0 0 0 0 
0 0 0 0 0 0 0 0 0 0 0 0 0 0 0 0 9082844 44433612 55067296 57788646 60527982 53749888 12088186 0 0 0 0 0 0 0 
0 0 0 0 0 0 0 0 0 0 0 0 0 0 0 0 0 10041664 49009388 60527982 63407478 66233388 58656847 13163538 0 0 0 0 0 0 
0 0 0 0 0 0 0 0 0 0 0 0 0 0 0 0 0 0 11043179 53749888 66233388 69173830 72108616 63747887 14272699 0 0 0 0 0 
0 0 0 0 0 0 0 0 0 0 0 0 0 0 0 0 0 0 0 12088186 58656847 72108616 75161598 78182492 69005163 15429109 0 0 0 0 
0 0 0 0 0 0 0 0 0 0 0 0 0 0 0 0 0 0 0 0 13163538 63747887 78182492 81323666 84442022 74393965 16595279 0 0 0 
0 0 0 0 0 0 0 0 0 0 0 0 0 0 0 0 0 0 0 0 0 14272699 69005163 84442022 87695760 90904406 79953343 17821214 0 0 
0 0 0 0 0 0 0 0 0 0 0 0 0 0 0 0 0 0 0 0 0 0 15429109 74393965 90904406 94263736 97515374 85658977 19066246 0 
0 0 0 0 0 0 0 0 0 0 0 0 0 0 0 0 0 0 0 0 0 0 0 16595279 79953343 97515374 100905782 104327677 91510941 20332632 
0 0 0 0 0 0 0 0 0 0 0 0 0 0 0 0 0 0 0 0 0 0 0 0 17821214 85658977 104327677 107863864 111293792 97497868 
69 0 0 0 0 0 0 0 0 0 0 0 0 0 0 0 0 0 0 0 0 0 0 0 0 19066246 91510941 111293792 114867968 118416723 
139 0 0 0 0 0 0 0 0 0 0 0 0 0 0 0 0 0 0 0 0 0 0 0 0 0 20332632 97497868 118416723 122079228 


161 0 77461 351048 135987 0 0 0 0 0 0 0 0 0 0 0 0 0 0 0 0 0 0 0 0 0 0 69 139 161 
0 116886 787768 1268208 1403287 393347 0 0 0 0 0 0 0 0 0 0 0 0 0 0 0 0 0 0 0 0 0 0 0 0 
77461 787768 1505416 2101635 2693064 2800158 729373 0 0 0 0 0 0 0 0 0 0 0 0 0 0 0 0 0 0 0 0 0 0 0 
351048 1268208 2101635 2935804 3756800 4575080 4576284 1143078 0 0 0 0 0 0 0 0 0 0 0 0 0 0 0 0 0 0 0 0 0 0 
135987 1403287 2693064 3756800 4812690 5862588 6895791 6728549 1637682 0 0 0 0 0 0 0 0 0 0 0 0 0 0 0 0 0 0 0 0 0 
0 393347 2800158 4575080 5862588 7133632 8399381 9651412 9244659 2206914 0 0 0 0 0 0 0 0 0 0 0 0 0 0 0 0 0 0 0 0 
0 0 729373 4576284 6895791 8399381 9883392 11356316 12833598 12090850 2841064 0 0 0 0 0 0 0 0 0 0 0 0 0 0 0 0 0 0 0 
0 0 0 1143078 6728549 9651412 11356316 13060298 14755359 16407322 15297477 3556556 0 0 0 0 0 0 0 0 0 0 0 0 0 0 0 0 0 0 
0 0 0 0 1637682 9244659 12833598 14755359 16658054 18544940 20415736 18855237 4335977 0 0 0 0 0 0 0 0 0 0 0 0 0 0 0 0 0 
0 0 0 0 0 2206914 12090850 16407322 18544940 20637354 22723143 24799869 22710643 5186370 0 0 0 0 0 0 0 0 0 0 0 0 0 0 0 0 
0 0 0 0 0 0 2841064 15297477 20415736 22723143 25031286 27304714 29546828 26909501 6105969 0 0 0 0 0 0 0 0 0 0 0 0 0 0 0 
0 0 0 0 0 0 0 3556556 18855237 24799869 27304714 29782476 32254031 34699656 31408702 7088347 0 0 0 0 0 0 0 0 0 0 0 0 0 0 
0 0 0 0 0 0 0 0 4335977 22710643 29546828 32254031 34925784 37577661 40206655 36203502 8128810 0 0 0 0 0 0 0 0 0 0 0 0 0 
0 0 0 0 0 0 0 0 0 5186370 26909501 34699656 37577661 40438234 43258076 46047540 41288943 9241978 0 0 0 0 0 0 0 0 0 0 0 0 
0 0 0 0 0 0 0 0 0 0 6105969 31408702 40206655 43258076 46289608 49286676 52276410 46687987 10410919 0 0 0 0 0 0 0 0 0 0 0 
0 0 0 0 0 0 0 0 0 0 0 7088347 36203502 46047540 49286676 52474314 55648197 58800980 52336873 11624407 0 0 0 0 0 0 0 0 0 0 
0 0 0 0 0 0 0 0 0 0 0 0 8128810 41288943 52276410 55648197 59018876 62341440 65653603 58267511 12913814 0 0 0 0 0 0 0 0 0 
0 0 0 0 0 0 0 0 0 0 0 0 0 9241978 46687987 58800980 62341440 65857716 69388878 72814698 64442717 14240192 0 0 0 0 0 0 0 0 
0 0 0 0 0 0 0 0 0 0 0 0 0 0 10410919 52336873 65653603 69388878 73069588 76691858 80312932 70905473 15630840 0 0 0 0 0 0 0 
0 0 0 0 0 0 0 0 0 0 0 0 0 0 0 11624407 58267511 72814698 76691858 80514016 84307201 88059875 77575193 17063073 0 0 0 0 0 0 
0 0 0 0 0 0 0 0 0 0 0 0 0 0 0 0 12913814 64442717 80312932 84307201 88307254 92231881 96120838 84499298 18553567 0 0 0 0 0 
0 0 0 0 0 0 0 0 0 0 0 0 0 0 0 0 0 14240192 70905473 88059875 92231881 96358526 100433998 104442175 91663240 20090118 0 0 0 0 
0 0 0 0 0 0 0 0 0 0 0 0 0 0 0 0 0 0 15630840 77575193 96120838 100433998 104659020 108888132 113057234 99029931 21664252 0 0 0 
0 0 0 0 0 0 0 0 0 0 0 0 0 0 0 0 0 0 0 17063073 84499298 104442175 108888132 113260280 117630373 121913508 106608715 23296327 0 0 
0 0 0 0 0 0 0 0 0 0 0 0 0 0 0 0 0 0 0 0 18553567 91663240 113057234 117630373 122127812 126605319 130994153 114437261 24973348 0 
0 0 0 0 0 0 0 0 0 0 0 0 0 0 0 0 0 0 0 0 0 20090118 99029931 121913508 126605319 131224368 135799478 140402890 122430883 26671428 
0 0 0 0 0 0 0 0 0 0 0 0 0 0 0 0 0 0 0 0 0 0 21664252 106608715 130994153 135799478 140543536 145300055 149921763 130605585 
93 0 0 0 0 0 0 0 0 0 0 0 0 0 0 0 0 0 0 0 0 0 0 23296327 114437261 140402890 145300055 150204054 154994138 159769103 
198 0 0 0 0 0 0 0 0 0 0 0 0 0 0 0 0 0 0 0 0 0 0 0 24973348 122430883 149921763 154994138 159983306 164898830 
224 0 0 0 0 0 0 0 0 0 0 0 0 0 0 0 0 0 0 0 0 0 0 0 0 26671428 130605585 159769103 164898830 169989860 


220 0 0 136314 576486 211605 0 0 0 0 0 0 0 0 0 0 0 0 0 0 0 0 0 0 0 0 93 198 224 220 
0 0 235142 1401672 2079923 2189602 589660 0 0 0 0 0 0 0 0 0 0 0 0 0 0 0 0 0 0 0 0 0 0 0 
0 235142 1654028 2692686 3446968 4196235 4210535 1063543 0 0 0 0 0 0 0 0 0 0 0 0 0 0 0 0 0 0 0 0 0 0 
136314 1401672 2692686 3753386 4805643 5859009 6891705 6728066 1638867 0 0 0 0 0 0 0 0 0 0 0 0 0 0 0 0 0 0 0 0 0 
576486 2079923 3446968 4805643 6162462 7508679 8829827 10152187 9710739 2306643 0 0 0 0 0 0 0 0 0 0 0 0 0 0 0 0 0 0 0 0 
211605 2189602 4196235 5859009 7508679 9144660 10755031 12362054 13952791 13147234 3074108 0 0 0 0 0 0 0 0 0 0 0 0 0 0 0 0 0 0 0 
0 589660 4210535 6891705 8829827 10755031 12652130 14549945 16427298 18289451 17014847 3925890 0 0 0 0 0 0 0 0 0 0 0 0 0 0 0 0 0 0 
0 0 1063543 6728066 10152187 12362054 14549945 16724720 18895929 21026458 23151211 21322355 4869317 0 0 0 0 0 0 0 0 0 0 0 0 0 0 0 0 0 
0 0 0 1638867 9710739 13952791 16427298 18895929 21329778 23744504 26149462 28526952 26070955 5903731 0 0 0 0 0 0 0 0 0 0 0 0 0 0 0 0 
0 0 0 0 2306643 13147234 18289451 21026458 23744504 26431918 29112735 31748223 34384519 31209869 7019052 0 0 0 0 0 0 0 0 0 0 0 0 0 0 0 
0 0 0 0 0 3074108 17014847 23151211 26149462 29112735 32044490 34968472 37856772 40723432 36773359 8221363 0 0 0 0 0 0 0 0 0 0 0 0 0 0 
0 0 0 0 0 0 3925890 21322355 28526952 31748223 34968472 38151354 41309794 44436498 47554582 42694663 9501098 0 0 0 0 0 0 0 0 0 0 0 0 0 
0 0 0 0 0 0 0 4869317 26070955 34384519 37856772 41309794 44706226 48112766 51496724 54828267 49037606 10856376 0 0 0 0 0 0 0 0 0 0 0 0 
0 0 0 0 0 0 0 0 5903731 31209869 40723432 44436498 48112766 51780390 55400756 58976767 62542292 55717037 12287279 0 0 0 0 0 0 0 0 0 0 0 
0 0 0 0 0 0 0 0 0 7019052 36773359 47554582 51496724 55400756 59273552 63126148 66922696 70730876 62807191 13808435 0 0 0 0 0 0 0 0 0 0 
0 0 0 0 0 0 0 0 0 0 8221363 42694663 54828267 58976767 63126148 67186200 71276642 75306348 79302132 70172237 15377375 0 0 0 0 0 0 0 0 0 
0 0 0 0 0 0 0 0 0 0 0 9501098 49037606 62542292 66922696 71276642 75574968 79848300 84093458 88278989 77916347 17030445 0 0 0 0 0 0 0 0 
0 0 0 0 0 0 0 0 0 0 0 0 10856376 55717037 70730876 75306348 79848300 84358744 88858942 93270056 97656733 86002764 18753430 0 0 0 0 0 0 0 
0 0 0 0 0 0 0 0 0 0 0 0 0 12287279 62807191 79302132 84093458 88858942 93567946 98225910 102857269 107446830 94363808 20534759 0 0 0 0 0 0 
0 0 0 0 0 0 0 0 0 0 0 0 0 0 13808435 70172237 88278989 93270056 98225910 103123188 107970004 112799621 117556815 103049847 22374611 0 0 0 0 0 
0 0 0 0 0 0 0 0 0 0 0 0 0 0 0 15377375 77916347 97656733 102857269 107970004 113097138 118143322 123085725 128070666 112055453 24299028 0 0 0 0 
0 0 0 0 0 0 0 0 0 0 0 0 0 0 0 0 17030445 86002764 107446830 112799621 118143322 123390874 128622753 133797277 138901488 121350309 26252860 0 0 0 
0 0 0 0 0 0 0 0 0 0 0 0 0 0 0 0 0 18753430 94363808 117556815 123085725 128622753 134046632 139454178 144791099 150082229 130864351 28285533 0 0 
0 0 0 0 0 0 0 0 0 0 0 0 0 0 0 0 0 0 20534759 103049847 128070666 133797277 139454178 145052848 150585050 156134960 161567683 140745102 30357163 0 
0 0 0 0 0 0 0 0 0 0 0 0 0 0 0 0 0 0 0 22374611 112055453 138901488 144791099 150585050 156452504 162138844 167765718 173426625 150804945 32494819 
0 0 0 0 0 0 0 0 0 0 0 0 0 0 0 0 0 0 0 0 24299028 121350309 150082229 156134960 162138844 168045670 173935268 179803764 185517563 161157598 
115 0 0 0 0 0 0 0 0 0 0 0 0 0 0 0 0 0 0 0 0 26252860 130864351 161567683 167765718 173935268 179987420 186044747 192017598 197956329 
261 0 0 0 0 0 0 0 0 0 0 0 0 0 0 0 0 0 0 0 0 0 28285533 140745102 173426625 179803764 186044747 192369274 198520090 204642532 
268 0 0 0 0 0 0 0 0 0 0 0 0 0 0 0 0 0 0 0 0 0 0 30357163 150804945 185517563 192017598 198520090 204863302 211210875 
250 0 0 0 0 0 0 0 0 0 0 0 0 0 0 0 0 0 0 0 0 0 0 0 32494819 161157598 197956329 204642532 211210875 217683764 


250 0 0 0 212625 854434 302516 0 0 0 0 0 0 0 0 0 0 0 0 0 0 0 0 0 0 115 261 268 250 250 
0 0 0 393733 2187052 3087184 3130488 819086 0 0 0 0 0 0 0 0 0 0 0 0 0 0 0 0 0 0 0 0 0 0 
0 0 452150 2800428 4202416 5113964 6020378 5894768 1451697 0 0 0 0 0 0 0 0 0 0 0 0 0 0 0 0 0 0 0 0 0 
0 393733 2800428 4569996 5858469 7133744 8395623 9650985 9240576 2202100 0 0 0 0 0 0 0 0 0 0 0 0 0 0 0 0 0 0 0 0 
212625 2187052 4202416 5858469 7508448 9139349 10756973 12364124 13968000 13153143 3071461 0 0 0 0 0 0 0 0 0 0 0 0 0 0 0 0 0 0 0 
854434 3087184 5113964 7133744 9139349 11131744 13100489 15061699 17010088 18933955 17602030 4046267 0 0 0 0 0 0 0 0 0 0 0 0 0 0 0 0 0 0 
302516 3130488 6020378 8395623 10756973 13100489 15410968 17714382 20018736 22274039 24539915 22569932 5129048 0 0 0 0 0 0 0 0 0 0 0 0 0 0 0 0 0 
0 819086 5894768 9650985 12364124 15061699 17714382 20385966 23011178 25606538 28206751 30762554 28089668 6323896 0 0 0 0 0 0 0 0 0 0 0 0 0 0 0 0 
0 0 1451697 9240576 13968000 17010088 20018736 23011178 25979952 28930429 31853222 34746850 37635880 34099733 7620989 0 0 0 0 0 0 0 0 0 0 0 0 0 0 0 
0 0 0 2202100 13153143 18933955 22274039 25606538 28930429 32197640 35458100 38673346 41886187 45058483 40606210 9013975 0 0 0 0 0 0 0 0 0 0 0 0 0 0 
0 0 0 0 3071461 17602030 24539915 28206751 31853222 35458100 39047122 42591087 46115369 49620852 53095977 47597471 10519998 0 0 0 0 0 0 0 0 0 0 0 0 0 
0 0 0 0 0 4046267 22569932 30762554 34746850 38673346 42591087 46465212 50320930 54124047 57932426 61676315 55047869 12108132 0 0 0 0 0 0 0 0 0 0 0 0 
0 0 0 0 0 0 5129048 28089668 37635880 41886187 46115369 50320930 54492144 58616204 62743675 66788564 70817966 62962870 13794778 0 0 0 0 0 0 0 0 0 0 0 
0 0 0 0 0 0 0 6323896 34099733 45058483 49620852 54124047 58616204 63067824 67486193 71842741 76181540 80498218 71331857 15561064 0 0 0 0 0 0 0 0 0 0 
0 0 0 0 0 0 0 0 7620989 40606210 53095977 57932426 62743675 67486193 72208976 76894447 81551353 86140994 90721086 80120167 17433310 0 0 0 0 0 0 0 0 0 
0 0 0 0 0 0 0 0 0 9013975 47597471 61676315 66788564 71842741 76894447 81879596 86823266 91711715 96569335 101388400 89307811 19373710 0 0 0 0 0 0 0 0 
0 0 0 0 0 0 0 0 0 0 10519998 55047869 70817966 76181540 81551353 86823266 92074106 97259301 102431629 107509685 112576794 98944154 21404574 0 0 0 0 0 0 0 
0 0 0 0 0 0 0 0 0 0 0 12108132 62962870 80498218 86140994 91711715 97259301 102740752 108228856 113612676 118954782 124259725 108924080 23510451 0 0 0 0 0 0 
0 0 0 0 0 0 0 0 0 0 0 0 13794778 71331857 90721086 96569335 102431629 108228856 114010718 119650213 125276540 130878688 136406456 119311588 25699967 0 0 0 0 0 
0 0 0 0 0 0 0 0 0 0 0 0 0 15561064 80120167 101388400 107509685 113612676 119650213 125583158 131499696 137396483 143172009 148930934 130070745 27966737 0 0 0 0 
0 0 0 0 0 0 0 0 0 0 0 0 0 0 17433310 89307811 112576794 118954782 125276540 131499696 137743306 143894468 149978722 155969856 161963923 141197087 30291428 0 0 0 
0 0 0 0 0 0 0 0 0 0 0 0 0 0 0 19373710 98944154 124259725 130878688 137396483 143894468 150319590 156672072 162947329 169210348 175364603 152635705 32721036 0 0 
0 0 0 0 0 0 0 0 0 0 0 0 0 0 0 0 21404574 108924080 136406456 143172009 149978722 156672072 163285506 169842352 176384849 182791866 189146921 164458410 35191909 0 
0 0 0 0 0 0 0 0 0 0 0 0 0 0 0 0 0 23510451 119311588 148930934 155969856 162947329 169842352 176706328 183504096 190185565 196800928 203430343 176540875 37723874 
0 0 0 0 0 0 0 0 0 0 0 0 0 0 0 0 0 0 25699967 130070745 161963923 169210348 176384849 183504096 190529438 197496821 204379608 211254785 217983027 188959576 
166 0 0 0 0 0 0 0 0 0 0 0 0 0 0 0 0 0 0 27966737 141197087 175364603 182791866 190185565 197496821 204731148 211885285 219016396 226026907 232972339 
315 0 0 0 0 0 0 0 0 0 0 0 0 0 0 0 0 0 0 0 30291428 152635705 189146921 196800928 204379608 211885285 219223174 226653287 233903460 241100096 
285 0 0 0 0 0 0 0 0 0 0 0 0 0 0 0 0 0 0 0 0 32721036 164458410 203430343 211254785 219016396 226653287 234330578 241835014 249257597 
299 0 0 0 0 0 0 0 0 0 0 0 0 0 0 0 0 0 0 0 0 0 35191909 176540875 217983027 226026907 233903460 241835014 249552298 257253888 
298 0 0 0 0 0 0 0 0 0 0 0 0 0 0 0 0 0 0 0 0 0 0 37723874 188959576 232972339 241100096 249257597 257253888 265222786 


330 0 0 0 0 302692 1185052 409184 0 0 0 0 0 0 0 0 0 0 0 0 0 0 0 0 166 315 285 299 298 330 
0 0 0 0 587739 3131229 4273552 4232205 1088129 0 0 0 0 0 0 0 0 0 0 0 0 0 0 0 0 0 0 0 0 0 
0 0 0 727333 4216331 6014022 7078938 8140124 7827769 1897742 0 0 0 0 0 0 0 0 0 0 0 0 0 0 0 0 0 0 0 0 
0 0 727333 4571616 6890269 8389506 9881315 11357431 12821317 12099466 2842675 0 0 0 0 0 0 0 0 0 0 0 0 0 0 0 0 0 0 0 
0 587739 4216331 6890269 8826312 10755252 12656763 14541562 16436579 18290369 17019273 3926083 0 0 0 0 0 0 0 0 0 0 0 0 0 0 0 0 0 0 
302692 3131229 6014022 8389506 10755252 13101582 15407835 17720803 20010090 22272321 24526470 22574704 5137683 0 0 0 0 0 0 0 0 0 0 0 0 0 0 0 0 0 
1185052 4273552 7078938 9881315 12656763 15407835 18128476 20843502 23547851 26207809 28865110 31480936 28729454 6467637 0 0 0 0 0 0 0 0 0 0 0 0 0 0 0 0 
409184 4232205 8140124 11357431 14541562 17720803 20843502 23961942 27066408 30126409 33179796 36192987 39193299 35503528 7924863 0 0 0 0 0 0 0 0 0 0 0 0 0 0 0 
0 1088129 7827769 12821317 16436579 20010090 23547851 27066408 30583344 34022633 37472137 40882594 44268356 47621209 42882413 9504763 0 0 0 0 0 0 0 0 0 0 0 0 0 0 
0 0 1897742 12099466 18290369 22272321 26207809 30126409 34022633 37874270 41717738 45497873 49266351 53013954 56729767 50806033 11189365 0 0 0 0 0 0 0 0 0 0 0 0 0 
0 0 0 2842675 17019273 24526470 28865110 33179796 37472137 41717738 45928364 50113361 54257399 58369044 62460240 66487607 59312723 13006651 0 0 0 0 0 0 0 0 0 0 0 0 
0 0 0 0 3926083 22574704 31480936 36192987 40882594 45497873 50113361 54666724 59187062 63693602 68154139 72566846 76923691 68355724 14918232 0 0 0 0 0 0 0 0 0 0 0 
0 0 0 0 0 5137683 28729454 39193299 44268356 49266351 54257399 59187062 64095290 68956588 73796029 78561935 83304950 88012604 77916058 16951664 0 0 0 0 0 0 0 0 0 0 
0 0 0 0 0 0 6467637 35503528 47621209 53013954 58369044 63693602 68956588 74175356 79402862 84519652 89628465 94680513 99704096 87997630 19070333 0 0 0 0 0 0 0 0 0 
0 0 0 0 0 0 0 7924863 42882413 56729767 62460240 68154139 73796029 79402862 84970220 90443424 95924609 101343391 106715803 112020049 98571414 21302674 0 0 0 0 0 0 0 0 
0 0 0 0 0 0 0 0 9504763 50806033 66487607 72566846 78561935 84519652 90443424 96307362 102130437 107907788 113618865 119260663 124879839 109632781 23629609 0 0 0 0 0 0 0 
0 0 0 0 0 0 0 0 0 11189365 59312723 76923691 83304950 89628465 95924609 102130437 108296154 114418320 120477545 126469464 132438409 138325885 121148713 26049323 0 0 0 0 0 0 
0 0 0 0 0 0 0 0 0 0 13006651 68355724 88012604 94680513 101343391 107907788 114418320 120887944 127313816 133637351 139944242 146163685 152329699 133115356 28555748 0 0 0 0 0 
0 0 0 0 0 0 0 0 0 0 0 14918232 77916058 99704096 106715803 113618865 120477545 127313816 134062138 140736981 147377507 153955789 160438131 166859950 145548408 31186038 0 0 0 0 
0 0 0 0 0 0 0 0 0 0 0 0 16951664 87997630 112020049 119260663 126469464 133637351 140736981 147759332 154704114 161611287 168432503 175180650 181893894 158385266 33847059 0 0 0 
0 0 0 0 0 0 0 0 0 0 0 0 0 19070333 98571414 124879839 132438409 139944242 147377507 154704114 162022710 169264134 176403769 183492244 190490992 197439873 171607320 36649809 0 0 
0 0 0 0 0 0 0 0 0 0 0 0 0 0 21302674 109632781 138325885 146163685 153955789 161611287 169264134 176808072 184303435 191672642 199048279 206285568 213447024 185325609 39497122 0 
0 0 0 0 0 0 0 0 0 0 0 0 0 0 0 23629609 121148713 152329699 160438131 168432503 176403769 184303435 192047400 199784969 207461177 215035824 222484874 229981672 199363766 42418569 
0 0 0 0 0 0 0 0 0 0 0 0 0 0 0 0 26049323 133115356 166859950 175180650 183492244 191672642 199784969 207832826 215797722 223694099 231474706 239247196 246888180 213727991 
176 0 0 0 0 0 0 0 0 0 0 0 0 0 0 0 0 28555748 145548408 181893894 190490992 199048279 207461177 215797722 224123692 232306597 240373059 248458529 256391020 264259345 
320 0 0 0 0 0 0 0 0 0 0 0 0 0 0 0 0 0 31186038 158385266 197439873 206285568 215035824 223694099 232306597 240785538 249193142 257574551 265823159 273980914 
344 0 0 0 0 0 0 0 0 0 0 0 0 0 0 0 0 0 0 33847059 171607320 213447024 222484874 231474706 240373059 249193142 257906060 266559888 275110801 283572763 
356 0 0 0 0 0 0 0 0 0 0 0 0 0 0 0 0 0 0 0 36649809 185325609 229981672 239247196 248458529 257574551 266559888 275542296 284404460 293147162 
390 0 0 0 0 0 0 0 0 0 0 0 0 0 0 0 0 0 0 0 0 39497122 199363766 246888180 256391020 265823159 275110801 284404460 293523332 302573200 
356 0 0 0 0 0 0 0 0 0 0 0 0 0 0 0 0 0 0 0 0 0 42418569 213727991 264259345 273980914 283572763 293147162 302573200 311879428 


387 0 0 0 0 0 408911 1566320 530836 0 0 0 0 0 0 0 0 0 0 0 0 0 0 176 320 344 356 390 356 387 
0 0 0 0 0 819723 4230738 5646315 5497650 1389627 0 0 0 0 0 0 0 0 0 0 0 0 0 0 0 0 0 0 0 0 
0 0 0 0 1062707 5892176 8144064 9355020 10566553 10007839 2393298 0 0 0 0 0 0 0 0 0 0 0 0 0 0 0 0 0 0 0 
0 0 0 1143342 6726553 9650903 11355859 13050818 14750856 16412146 15307984 3556893 0 0 0 0 0 0 0 0 0 0 0 0 0 0 0 0 0 0 
0 0 1062707 6726553 10159908 12363667 14552092 16729390 18893240 21023969 23157513 21331873 4868546 0 0 0 0 0 0 0 0 0 0 0 0 0 0 0 0 0 
0 819723 5892176 9650903 12363667 15066776 17720324 20364696 23001069 25603432 28203479 30762473 28081298 6326798 0 0 0 0 0 0 0 0 0 0 0 0 0 0 0 0 
408911 4230738 8144064 11355859 14552092 17720324 20854596 23960829 27071008 30144405 33180486 36199170 39191012 35510751 7927476 0 0 0 0 0 0 0 0 0 0 0 0 0 0 0 
1566320 5646315 9355020 13050818 16729390 20364696 23960829 27547174 31126060 34637865 38143696 41619129 45073749 48477460 43648453 9653140 0 0 0 0 0 0 0 0 0 0 0 0 0 0 
530836 5497650 10566553 14750856 18893240 23001069 27071008 31126060 35160142 39125465 43085762 47010755 50899044 54758922 58605253 52451714 11536426 0 0 0 0 0 0 0 0 0 0 0 0 0 
0 1389627 10007839 16412146 21023969 25603432 30144405 34637865 39125465 43557882 47951310 52317818 56650368 60950358 65213792 69450455 61896285 13540374 0 0 0 0 0 0 0 0 0 0 0 0 
0 0 2393298 15307984 23157513 28203479 33180486 38143696 43085762 47951310 52810326 57620090 62394032 67130521 71818430 76456175 81072015 71982656 15682025 0 0 0 0 0 0 0 0 0 0 0 
0 0 0 3556893 21331873 30762473 36199170 41619129 47010755 52317818 57620090 62855168 68078321 73220578 78354263 83410149 88465656 93462782 82663884 17933589 0 0 0 0 0 0 0 0 0 0 
0 0 0 0 4868546 28081298 39191012 45073749 50899044 56650368 62394032 68078321 73706942 79279970 84866430 90335501 95790792 101213513 106547844 93963878 20305551 0 0 0 0 0 0 0 0 0 
0 0 0 0 0 6326798 35510751 48477460 54758922 60950358 67130521 73220578 79279970 85317032 91296833 97181394 103068640 108884991 114634056 120352364 105822241 22802486 0 0 0 0 0 0 0 0 
0 0 0 0 0 0 7927476 43648453 58605253 65213792 71818430 78354263 84866430 91296833 97675054 104029753 110268965 116516185 122694152 128808496 134857189 118287410 25412434 0 0 0 0 0 0 0 
0 0 0 0 0 0 0 9653140 52451714 69450455 76456175 83410149 90335501 97181394 104029753 110736802 117418724 124071900 130663661 137150880 143607499 150004830 131224109 28127749 0 0 0 0 0 0 
0 0 0 0 0 0 0 0 11536426 61896285 81072015 88465656 95790792 103068640 110268965 117418724 124530244 131568129 138526860 145422688 152260542 159047015 165751275 144756721 30962985 0 0 0 0 0 
0 0 0 0 0 0 0 0 0 13540374 71982656 93462782 101213513 108884991 116516185 124071900 131568129 138992788 146370632 153664442 160921603 168086475 175172679 182159784 158781861 33881989 0 0 0 0 
0 0 0 0 0 0 0 0 0 0 15682025 82663884 106547844 114634056 122694152 130663661 138526860 146370632 154165974 161854936 169481678 177020001 184491540 191871734 199212149 173298209 36910250 0 0 0 
0 0 0 0 0 0 0 0 0 0 0 17933589 93963878 120352364 128808496 137150880 145422688 153664442 161854936 169865846 177890181 185847424 193665937 201429291 209142115 216768256 188225111 40040940 0 0 
0 0 0 0 0 0 0 0 0 0 0 0 20305551 105822241 134857189 143607499 152260542 160921603 169481678 177890181 186280742 194615423 202847606 210999183 219045872 227051236 234908476 203767521 43274905 0 
0 0 0 0 0 0 0 0 0 0 0 0 0 22802486 118287410 150004830 159047015 168086475 177020001 185847424 194615423 203343918 211902749 220413231 228879138 237213248 245435923 253698238 219658007 46563737 
0 0 0 0 0 0 0 0 0 0 0 0 0 0 25412434 131224109 165751275 175172679 184491540 193665937 202847606 211902749 220893096 229742752 238540256 247253283 255826065 264431785 272836698 235986121 
180 0 0 0 0 0 0 0 0 0 0 0 0 0 0 28127749 144756721 182159784 191871734 201429291 210999183 220413231 229742752 238952870 248168088 257226882 266175148 275096163 283890078 292595617 
376 0 0 0 0 0 0 0 0 0 0 0 0 0 0 0 30962985 158781861 199212149 209142115 219045872 228879138 238540256 248168088 257708224 267128346 276415060 285712622 294803471 303866903 
412 0 0 0 0 0 0 0 0 0 0 0 0 0 0 0 0 33881989 173298209 216768256 227051236 237213248 247253283 257226882 267128346 276962076 286529938 296220201 305666114 315021634 
432 0 0 0 0 0 0 0 0 0 0 0 0 0 0 0 0 0 36910250 188225111 234908476 245435923 255826065 266175148 276415060 286529938 296528742 306557213 316324361 326050962 
419 0 0 0 0 0 0 0 0 0 0 0 0 0 0 0 0 0 0 40040940 203767521 253698238 264431785 275096163 285712622 296220201 306557213 316898968 327097051 337107721 
427 0 0 0 0 0 0 0 0 0 0 0 0 0 0 0 0 0 0 0 43274905 219658007 272836698 283890078 294803471 305666114 316324361 327097051 337504136 347932700 
411 0 0 0 0 0 0 0 0 0 0 0 0 0 0 0 0 0 0 0 0 46563737 235986121 292595617 303866903 315021634 326050962 337107721 347932700 358672816 


473 0 0 0 0 0 0 530157 1996927 667168 0 0 0 0 0 0 0 0 0 0 0 0 180 376 412 432 419 427 411 473 
0 0 0 0 0 0 1088366 5492951 7199640 6907822 1725352 0 0 0 0 0 0 0 0 0 0 0 0 0 0 0 0 0 0 0 
0 0 0 0 0 1451388 7821218 10566873 11928222 13271428 12432425 2939507 0 0 0 0 0 0 0 0 0 0 0 0 0 0 0 0 0 0 
0 0 0 0 1635755 9244956 12818819 14734287 16644116 18529450 20403179 18834264 4335478 0 0 0 0 0 0 0 0 0 0 0 0 0 0 0 0 0 
0 0 0 1635755 9706096 13960965 16422796 18883130 21328937 23732148 26145984 28511233 26060369 5893706 0 0 0 0 0 0 0 0 0 0 0 0 0 0 0 0 
0 0 1451388 9244956 13960965 17003312 19999851 22998947 25969613 28907534 31825299 34719902 37587986 34076514 7621063 0 0 0 0 0 0 0 0 0 0 0 0 0 0 0 
0 1088366 7821218 12818819 16422796 19999851 23532904 27053126 30555145 34006974 37449056 40848828 44235332 47588400 42848437 9489595 0 0 0 0 0 0 0 0 0 0 0 0 0 0 
530157 5492951 10566873 14734287 18883130 22998947 27053126 31112356 35126407 39095506 43055729 46965969 50856176 54710154 58551419 52419569 11522405 0 0 0 0 0 0 0 0 0 0 0 0 0 
1996927 7199640 11928222 16644116 21328937 25969613 30555145 35126407 39668456 44164687 48633635 53054244 57432749 61800954 66120071 70402423 62709352 13711314 0 0 0 0 0 0 0 0 0 0 0 0 
667168 6907822 13271428 18529450 23732148 28907534 34006974 39095506 44164687 49145732 54125232 59045278 63942634 68775872 73601660 78363784 83095207 73728321 16031985 0 0 0 0 0 0 0 0 0 0 0 
0 1725352 12432425 20403179 26145984 31825299 37449056 43055729 48633635 54125232 59605590 65029680 70408345 75739416 81054332 86304560 91479920 96657443 85462486 18505133 0 0 0 0 0 0 0 0 0 0 
0 0 2939507 18834264 28511233 34719902 40848828 46965969 53054244 59045278 65029680 70943408 76804940 82644242 88427951 94125559 99834251 105447996 111053105 97847630 21115667 0 0 0 0 0 0 0 0 0 
0 0 0 4335478 26060369 37587986 44235332 50856176 57432749 63942634 70408345 76804940 83175000 89479266 95759493 101943313 108103660 114193031 120264694 126214178 110923446 23844429 0 0 0 0 0 0 0 0 
0 0 0 0 5893706 34076514 47588400 54710154 61800954 68775872 75739416 82644242 89479266 96287790 103022188 109668821 116289620 122850816 129386968 135796835 142189360 124649021 26710969 0 0 0 0 0 0 0 
0 0 0 0 0 7621063 42848437 58551419 66120071 73601660 81054332 88427951 95759493 103022188 110249634 117382264 124465954 131494464 138464568 145330347 152189901 158950075 138977130 29722249 0 0 0 0 0 0 
0 0 0 0 0 0 9489595 52419569 70402423 78363784 86304560 94125559 101943313 109668821 117382264 124963066 132507867 140000741 147443328 154763365 162045758 169263145 176377421 153918904 32819319 0 0 0 0 0 
0 0 0 0 0 0 0 11522405 62709352 83095207 91479920 99834251 108103660 116289620 124465954 132507867 140528788 148443158 156320789 164103607 171839227 179506837 187051898 194538878 169438607 36067805 0 0 0 0 
0 0 0 0 0 0 0 0 13711314 73728321 96657443 105447996 114193031 122850816 131494464 140000741 148443158 156824176 165161666 173403616 181582436 189663316 197646388 205585092 213425410 185517068 39396722 0 0 0 
0 0 0 0 0 0 0 0 0 16031985 85462486 111053105 120264694 129386968 138464568 147443328 156320789 165161666 173955642 182584646 191212083 199756635 208190962 216522055 224791698 232963461 202160076 42883071 0 0 
0 0 0 0 0 0 0 0 0 0 18505133 97847630 126214178 135796835 145330347 154763365 164103607 173403616 182584646 191661070 200714270 209660257 218490829 227291905 235979332 244583238 253058418 219329053 46437394 0 
0 0 0 0 0 0 0 0 0 0 0 21115667 110923446 142189360 152189901 162045758 171839227 181582436 191212083 200714270 210207908 219560952 228883118 238043486 247197053 256182774 265064925 273945670 237051194 50107933 
0 0 0 0 0 0 0 0 0 0 0 0 23844429 124649021 158950075 169263145 179506837 189663316 199756635 209660257 219560952 229369428 239075262 248681665 258225388 267633674 276933460 286209936 295318133 255246725 
183 0 0 0 0 0 0 0 0 0 0 0 0 26710969 138977130 176377421 187051898 197646388 208190962 218490829 228883118 239075262 249181954 259178576 269124623 278986884 288647400 298350964 307874526 317321499 
390 0 0 0 0 0 0 0 0 0 0 0 0 0 29722249 153918904 194538878 205585092 216522055 227291905 238043486 248681665 259178576 269608766 279976438 290229202 300311449 310389331 320292147 330128564 
418 0 0 0 0 0 0 0 0 0 0 0 0 0 0 32819319 169438607 213425410 224791698 235979332 247197053 258225388 269124623 279976438 290721190 301368560 311857693 322374947 332610195 342846891 
452 0 0 0 0 0 0 0 0 0 0 0 0 0 0 0 36067805 185517068 232963461 244583238 256182774 267633674 278986884 290229202 301368560 312343486 323284836 334172918 344868330 355425386 
449 0 0 0 0 0 0 0 0 0 0 0 0 0 0 0 0 39396722 202160076 253058418 265064925 276933460 288647400 300311449 311857693 323284836 334525854 345828513 356896282 367872804 
469 0 0 0 0 0 0 0 0 0 0 0 0 0 0 0 0 0 42883071 219329053 273945670 286209936 298350964 310389331 322374947 334172918 345828513 357472496 368968496 380315584 
498 0 0 0 0 0 0 0 0 0 0 0 0 0 0 0 0 0 0 46437394 237051194 295318133 307874526 320292147 332610195 344868330 356896282 368968496 380758206 392518925 
504 0 0 0 0 0 0 0 0 0 0 0 0 0 0 0 0 0 0 0 50107933 255246725 317321499 330128564 342846891 355425386 367872804 380315584 392518925 404644632 


542 0 0 0 0 0 0 0 665025 2471273 818295 0 0 0 0 0 0 0 0 0 0 183 390 418 452 449 469 498 504 542 
0 0 0 0 0 0 0 1388458 6906749 8921079 8462214 2092554 0 0 0 0 0 0 0 0 0 0 0 0 0 0 0 0 0 0 
0 0 0 0 0 0 1896640 10007082 13270968 14775320 16261323 15096853 3541043 0 0 0 0 0 0 0 0 0 0 0 0 0 0 0 0 0 
0 0 0 0 0 2204130 12089091 16406147 18529990 20620128 22714446 24776953 22693069 5185651 0 0 0 0 0 0 0 0 0 0 0 0 0 0 0 0 
0 0 0 0 2305806 13141188 18274148 21013560 23733465 26423077 29078684 31733670 34363159 31192761 7011996 0 0 0 0 0 0 0 0 0 0 0 0 0 0 0 
0 0 0 2204130 13141188 18924108 22257443 25594467 28905047 32176584 35423609 38634525 41853544 45008503 40560780 9019914 0 0 0 0 0 0 0 0 0 0 0 0 0 0 
0 0 1896640 12089091 18274148 22257443 26199330 30108085 34005158 37847570 41678630 45476896 49233099 52978059 56673602 50762464 11180341 0 0 0 0 0 0 0 0 0 0 0 0 0 
0 1388458 10007082 16406147 21013560 25594467 30108085 34623148 39099732 43525237 47907800 52267384 56602438 60884517 65162745 69367849 61820387 13518559 0 0 0 0 0 0 0 0 0 0 0 0 
665025 6906749 13270968 18529990 23733465 28905047 34005158 39099732 44153744 49148391 54129753 59060459 63928762 68792284 73594804 78361232 83073256 73724122 16028537 0 0 0 0 0 0 0 0 0 0 0 
2471273 8921079 14775320 20620128 26423077 32176584 37847570 43525237 49148391 54706626 60243814 65723626 71146662 76551326 81919157 87220977 92474232 97701117 86369972 18692977 0 0 0 0 0 0 0 0 0 0 
818295 8462214 16261323 22714446 29078684 35423609 41678630 47907800 54129753 60243814 66334290 72367040 78366517 84311940 90210567 96055279 101834471 107580311 113277944 99794838 21507390 0 0 0 0 0 0 0 0 0 
0 2092554 15096853 24776953 31733670 38634525 45476896 52267384 59060459 65723626 72367040 78962528 85499359 91972559 98425423 104775868 111105723 117365472 123621452 129740747 113960566 24472418 0 0 0 0 0 0 0 0 
0 0 3541043 22693069 34363159 41853544 49233099 56602438 63928762 71146662 78366517 85499359 92578198 99592688 106577804 113463590 120311500 127111314 133858274 140492799 147086042 128910899 27587071 0 0 0 0 0 0 0 
0 0 0 5185651 31192761 45008503 52978059 60884517 68792284 76551326 84311940 91972559 99592688 107125818 114640496 122061352 129437723 136756802 143990652 151159576 158248407 165330976 144451072 30842756 0 0 0 0 0 0 
0 0 0 0 7011996 40560780 56673602 65162745 73594804 81919157 90210567 98425423 106577804 114640496 122741364 130637009 138524188 146339197 154122177 161752974 169382879 176926747 184398152 160791772 34240742 0 0 0 0 0 
0 0 0 0 0 9019914 50762464 69367849 78361232 87220977 96055279 104775868 113463590 122061352 130637009 139076350 147468839 155823999 164098207 172240230 180370804 188396458 196324244 204180776 177752839 37759193 0 0 0 0 
0 0 0 0 0 0 11180341 61820387 83073256 92474232 101834471 111105723 120311500 129437723 138524188 147468839 156358376 165215527 173985296 182624623 191250555 199776259 208153954 216513406 224839471 195362123 41412626 0 0 0 
0 0 0 0 0 0 0 13518559 73724122 97701117 107580311 117365472 127111314 136756802 146339197 155823999 165215527 174568670 183850021 192971831 202070890 211088070 219989006 228810568 237565561 246198711 213553614 45211097 0 0 
0 0 0 0 0 0 0 0 16028537 86369972 113277944 123621452 133858274 143990652 154122177 164098207 173985296 183850021 193612000 203214842 212820086 222302638 231687988 240989107 250197431 259292191 268311737 232473738 49105016 0 
0 0 0 0 0 0 0 0 0 18692977 99794838 129740747 140492799 151159576 161752974 172240230 182624623 192971831 203214842 213342730 223402113 233354712 243191598 252966033 262627811 272245446 281679672 291141400 251784673 53115532 
0 0 0 0 0 0 0 0 0 0 21507390 113960566 147086042 158248407 169382879 180370804 191250555 202070890 212820086 223402113 233924836 244407641 254687182 264929789 275074662 285133306 295029053 304898442 314651985 271802904 
225 0 0 0 0 0 0 0 0 0 0 24472418 128910899 165330976 176926747 188396458 199776259 211088070 222302638 233354712 244407641 255349698 266088584 276774433 287372739 297881765 308222283 318551335 328723094 338791665 
482 0 0 0 0 0 0 0 0 0 0 0 27587071 144451072 184398152 196324244 208153954 219989006 231687988 243191598 254687182 266088584 277355154 288456769 299515242 310515517 321233315 332056006 342649224 353177194 
498 0 0 0 0 0 0 0 0 0 0 0 0 30842756 160791772 204180776 216513406 228810568 240989107 252966033 264929789 276774433 288456769 300050244 311609276 322969923 334199268 345484849 356484114 367404983 
464 0 0 0 0 0 0 0 0 0 0 0 0 0 34240742 177752839 224839471 237565561 250197431 262627811 275074662 287372739 299515242 311609276 323552024 335390763 347052359 358767059 370178427 381581128 
487 0 0 0 0 0 0 0 0 0 0 0 0 0 0 37759193 195362123 246198711 259292191 272245446 285133306 297881765 310515517 322969923 335390763 347700642 359762374 371869157 383760278 395574847 
495 0 0 0 0 0 0 0 0 0 0 0 0 0 0 0 41412626 213553614 268311737 281679672 295029053 308222283 321233315 334199268 347052359 359762374 372323918 384883839 397202203 409420831 
523 0 0 0 0 0 0 0 0 0 0 0 0 0 0 0 0 45211097 232473738 291141400 304898442 318551335 332056006 345484849 358767059 371869157 384883839 397876558 410592032 423262339 
