1320 1449 0 0 0 0 0 0 0 0 0 0 0 0 0 0 0 0 0 0 0 0 0 0 0 0 0 0 0 0 
1449 12318 6199 0 0 0 0 0 0 0 0 0 0 0 0 0 0 0 0 0 0 0 0 0 0 0 0 0 0 0 
0 6199 34214 13987 0 0 0 0 0 0 0 0 0 0 0 0 0 0 0 0 0 0 0 0 0 0 0 0 0 0 
0 0 13987 66688 25097 0 0 0 0 0 0 0 0 0 0 0 0 0 0 0 0 0 0 0 0 0 0 0 0 0 
0 0 0 25097 111098 37580 0 0 0 0 0 0 0 0 0 0 0 0 0 0 0 0 0 0 0 0 0 0 0 0 
0 0 0 0 37580 158116 52338 0 0 0 0 0 0 0 0 0 0 0 0 0 0 0 0 0 0 0 0 0 0 0 
0 0 0 0 0 52338 216190 70759 0 0 0 0 0 0 0 0 0 0 0 0 0 0 0 0 0 0 0 0 0 0 
0 0 0 0 0 0 70759 282532 91245 0 0 0 0 0 0 0 0 0 0 0 0 0 0 0 0 0 0 0 0 0 
0 0 0 0 0 0 0 91245 364242 114929 0 0 0 0 0 0 0 0 0 0 0 0 0 0 0 0 0 0 0 0 
0 0 0 0 0 0 0 0 114929 449440 140493 0 0 0 0 0 0 0 0 0 0 0 0 0 0 0 0 0 0 0 
0 0 0 0 0 0 0 0 0 140493 539708 167878 0 0 0 0 0 0 0 0 0 0 0 0 0 0 0 0 0 0 
0 0 0 0 0 0 0 0 0 0 167878 640980 196536 0 0 0 0 0 0 0 0 0 0 0 0 0 0 0 0 0 
0 0 0 0 0 0 0 0 0 0 0 196536 751240 231009 0 0 0 0 0 0 0 0 0 0 0 0 0 0 0 0 
0 0 0 0 0 0 0 0 0 0 0 0 231009 877342 265356 0 0 0 0 0 0 0 0 0 0 0 0 0 0 0 
0 0 0 0 0 0 0 0 0 0 0 0 0 265356 984396 296598 0 0 0 0 0 0 0 0 0 0 0 0 0 0 
0 0 0 0 0 0 0 0 0 0 0 0 0 0 296598 1114714 333797 0 0 0 0 0 0 0 0 0 0 0 0 0 
0 0 0 0 0 0 0 0 0 0 0 0 0 0 0 333797 1244142 373486 0 0 0 0 0 0 0 0 0 0 0 0 
0 0 0 0 0 0 0 0 0 0 0 0 0 0 0 0 373486 1392414 413525 0 0 0 0 0 0 0 0 0 0 0 
0 0 0 0 0 0 0 0 0 0 0 0 0 0 0 0 0 413525 1524078 454442 0 0 0 0 0 0 0 0 0 0 
0 0 0 0 0 0 0 0 0 0 0 0 0 0 0 0 0 0 454442 1680638 498355 0 0 0 0 0 0 0 0 0 
0 0 0 0 0 0 0 0 0 0 0 0 0 0 0 0 0 0 0 498355 1831760 542039 0 0 0 0 0 0 0 0 
0 0 0 0 0 0 0 0 0 0 0 0 0 0 0 0 0 0 0 0 542039 1985626 582979 0 0 0 0 0 0 0 
0 0 0 0 0 0 0 0 0 0 0 0 0 0 0 0 0 0 0 0 0 582979 2142900 634158 0 0 0 0 0 0 
0 0 0 0 0 0 0 0 0 0 0 0 0 0 0 0 0 0 0 0 0 0 634158 2303452 682979 0 0 0 0 0 
0 0 0 0 0 0 0 0 0 0 0 0 0 0 0 0 0 0 0 0 0 0 0 682979 2471032 725480 0 0 0 0 
0 0 0 0 0 0 0 0 0 0 0 0 0 0 0 0 0 0 0 0 0 0 0 0 725480 2634356 774675 0 0 0 
0 0 0 0 0 0 0 0 0 0 0 0 0 0 0 0 0 0 0 0 0 0 0 0 0 774675 2793890 817228 0 0 
0 0 0 0 0 0 0 0 0 0 0 0 0 0 0 0 0 0 0 0 0 0 0 0 0 0 817228 2978506 879122 0 
0 0 0 0 0 0 0 0 0 0 0 0 0 0 0 0 0 0 0 0 0 0 0 0 0 0 0 879122 3170308 924165 
0 0 0 0 0 0 0 0 0 0 0 0 0 0 0 0 0 0 0 0 0 0 0 0 0 0 0 0 924165 3324374 


812 4444 1738 0 0 0 0 0 0 0 0 0 0 0 0 0 0 0 0 0 0 0 0 0 0 0 0 0 0 0 
4444 16646 23491 5912 0 0 0 0 0 0 0 0 0 0 0 0 0 0 0 0 0 0 0 0 0 0 0 0 0 0 
1738 23491 47574 52562 11908 0 0 0 0 0 0 0 0 0 0 0 0 0 0 0 0 0 0 0 0 0 0 0 0 0 
0 5912 52562 89632 94541 19523 0 0 0 0 0 0 0 0 0 0 0 0 0 0 0 0 0 0 0 0 0 0 0 0 
0 0 11908 94541 149188 143086 27835 0 0 0 0 0 0 0 0 0 0 0 0 0 0 0 0 0 0 0 0 0 0 0 
0 0 0 19523 143086 216552 200814 39524 0 0 0 0 0 0 0 0 0 0 0 0 0 0 0 0 0 0 0 0 0 0 
0 0 0 0 27835 200814 290110 267127 52635 0 0 0 0 0 0 0 0 0 0 0 0 0 0 0 0 0 0 0 0 0 
0 0 0 0 0 39524 267127 383458 352995 67336 0 0 0 0 0 0 0 0 0 0 0 0 0 0 0 0 0 0 0 0 
0 0 0 0 0 0 52635 352995 496892 445144 84771 0 0 0 0 0 0 0 0 0 0 0 0 0 0 0 0 0 0 0 
0 0 0 0 0 0 0 67336 445144 617632 541190 101243 0 0 0 0 0 0 0 0 0 0 0 0 0 0 0 0 0 0 
0 0 0 0 0 0 0 0 84771 541190 737934 645153 118745 0 0 0 0 0 0 0 0 0 0 0 0 0 0 0 0 0 
0 0 0 0 0 0 0 0 0 101243 645153 880438 759745 139844 0 0 0 0 0 0 0 0 0 0 0 0 0 0 0 0 
0 0 0 0 0 0 0 0 0 0 118745 759745 1027610 889395 162986 0 0 0 0 0 0 0 0 0 0 0 0 0 0 0 
0 0 0 0 0 0 0 0 0 0 0 139844 889395 1198878 1021068 184258 0 0 0 0 0 0 0 0 0 0 0 0 0 0 
0 0 0 0 0 0 0 0 0 0 0 0 162986 1021068 1347156 1147372 207714 0 0 0 0 0 0 0 0 0 0 0 0 0 
0 0 0 0 0 0 0 0 0 0 0 0 0 184258 1147372 1520886 1290505 232071 0 0 0 0 0 0 0 0 0 0 0 0 
0 0 0 0 0 0 0 0 0 0 0 0 0 0 207714 1290505 1695648 1437017 258458 0 0 0 0 0 0 0 0 0 0 0 
0 0 0 0 0 0 0 0 0 0 0 0 0 0 0 232071 1437017 1898766 1599005 285943 0 0 0 0 0 0 0 0 0 0 
0 0 0 0 0 0 0 0 0 0 0 0 0 0 0 0 258458 1599005 2081608 1753316 315805 0 0 0 0 0 0 0 0 0 
0 0 0 0 0 0 0 0 0 0 0 0 0 0 0 0 0 285943 1753316 2284394 1925497 343937 0 0 0 0 0 0 0 0 
0 0 0 0 0 0 0 0 0 0 0 0 0 0 0 0 0 0 315805 1925497 2501898 2095342 371112 0 0 0 0 0 0 0 
0 0 0 0 0 0 0 0 0 0 0 0 0 0 0 0 0 0 0 343937 2095342 2714416 2255600 399266 0 0 0 0 0 0 
0 0 0 0 0 0 0 0 0 0 0 0 0 0 0 0 0 0 0 0 371112 2255600 2932794 2442135 434780 0 0 0 0 0 
0 0 0 0 0 0 0 0 0 0 0 0 0 0 0 0 0 0 0 0 0 399266 2442135 3156634 2626941 464542 0 0 0 0 
0 0 0 0 0 0 0 0 0 0 0 0 0 0 0 0 0 0 0 0 0 0 434780 2626941 3381646 2797564 491982 0 0 0 
0 0 0 0 0 0 0 0 0 0 0 0 0 0 0 0 0 0 0 0 0 0 0 464542 2797564 3594120 2981113 523323 0 0 
0 0 0 0 0 0 0 0 0 0 0 0 0 0 0 0 0 0 0 0 0 0 0 0 491982 2981113 3809230 3155997 561361 0 
0 0 0 0 0 0 0 0 0 0 0 0 0 0 0 0 0 0 0 0 0 0 0 0 0 523323 3155997 4067924 3392037 596546 
0 0 0 0 0 0 0 0 0 0 0 0 0 0 0 0 0 0 0 0 0 0 0 0 0 0 561361 3392037 4334894 3579016 
0 0 0 0 0 0 0 0 0 0 0 0 0 0 0 0 0 0 0 0 0 0 0 0 0 0 0 596546 3579016 4550464 


0 1037 4526 1696 0 0 0 0 0 0 0 0 0 0 0 0 0 0 0 0 0 0 0 0 0 0 0 0 0 0 
1037 8668 16770 19014 4905 0 0 0 0 0 0 0 0 0 0 0 0 0 0 0 0 0 0 0 0 0 0 0 0 0 
4526 16770 28522 38443 40863 9867 0 0 0 0 0 0 0 0 0 0 0 0 0 0 0 0 0 0 0 0 0 0 0 0 
1696 19014 38443 52072 68090 67816 14953 0 0 0 0 0 0 0 0 0 0 0 0 0 0 0 0 0 0 0 0 0 0 0 
0 4905 40863 68090 85014 104229 98893 22447 0 0 0 0 0 0 0 0 0 0 0 0 0 0 0 0 0 0 0 0 0 0 
0 0 9867 67816 104229 126950 145515 137357 30412 0 0 0 0 0 0 0 0 0 0 0 0 0 0 0 0 0 0 0 0 0 
0 0 0 14953 98893 145515 169542 192892 182730 39123 0 0 0 0 0 0 0 0 0 0 0 0 0 0 0 0 0 0 0 0 
0 0 0 0 22447 137357 192892 224488 256900 233793 49006 0 0 0 0 0 0 0 0 0 0 0 0 0 0 0 0 0 0 0 
0 0 0 0 0 30412 182730 256900 291112 322410 291799 61255 0 0 0 0 0 0 0 0 0 0 0 0 0 0 0 0 0 0 
0 0 0 0 0 0 39123 233793 322410 358298 392172 352254 73511 0 0 0 0 0 0 0 0 0 0 0 0 0 0 0 0 0 
0 0 0 0 0 0 0 49006 291799 392172 435172 470221 416408 87180 0 0 0 0 0 0 0 0 0 0 0 0 0 0 0 0 
0 0 0 0 0 0 0 0 61255 352254 470221 516898 553824 486052 99787 0 0 0 0 0 0 0 0 0 0 0 0 0 0 0 
0 0 0 0 0 0 0 0 0 73511 416408 553824 600760 645131 567194 115395 0 0 0 0 0 0 0 0 0 0 0 0 0 0 
0 0 0 0 0 0 0 0 0 0 87180 486052 645131 699034 740125 643630 131516 0 0 0 0 0 0 0 0 0 0 0 0 0 
0 0 0 0 0 0 0 0 0 0 0 99787 567194 740125 790062 835548 728579 147968 0 0 0 0 0 0 0 0 0 0 0 0 
0 0 0 0 0 0 0 0 0 0 0 0 115395 643630 835548 889808 938109 811789 164224 0 0 0 0 0 0 0 0 0 0 0 
0 0 0 0 0 0 0 0 0 0 0 0 0 131516 728579 938109 989756 1044105 904098 181933 0 0 0 0 0 0 0 0 0 0 
0 0 0 0 0 0 0 0 0 0 0 0 0 0 147968 811789 1044105 1115534 1167748 1000851 199801 0 0 0 0 0 0 0 0 0 
0 0 0 0 0 0 0 0 0 0 0 0 0 0 0 164224 904098 1167748 1223642 1276425 1095879 219651 0 0 0 0 0 0 0 0 
0 0 0 0 0 0 0 0 0 0 0 0 0 0 0 0 181933 1000851 1276425 1339518 1397798 1198273 237667 0 0 0 0 0 0 0 
0 0 0 0 0 0 0 0 0 0 0 0 0 0 0 0 0 199801 1095879 1397798 1468118 1523161 1299297 255629 0 0 0 0 0 0 
0 0 0 0 0 0 0 0 0 0 0 0 0 0 0 0 0 0 219651 1198273 1523161 1594720 1649645 1397559 278236 0 0 0 0 0 
0 0 0 0 0 0 0 0 0 0 0 0 0 0 0 0 0 0 0 237667 1299297 1649645 1718430 1776008 1513381 299287 0 0 0 0 
0 0 0 0 0 0 0 0 0 0 0 0 0 0 0 0 0 0 0 0 255629 1397559 1776008 1845618 1908818 1613054 318673 0 0 0 
0 0 0 0 0 0 0 0 0 0 0 0 0 0 0 0 0 0 0 0 0 278236 1513381 1908818 1978040 2039119 1720842 339062 0 0 
0 0 0 0 0 0 0 0 0 0 0 0 0 0 0 0 0 0 0 0 0 0 299287 1613054 2039119 2103232 2159286 1825796 362883 0 
0 0 0 0 0 0 0 0 0 0 0 0 0 0 0 0 0 0 0 0 0 0 0 318673 1720842 2159286 2224220 2297778 1953168 382611 
0 0 0 0 0 0 0 0 0 0 0 0 0 0 0 0 0 0 0 0 0 0 0 0 339062 1825796 2297778 2382076 2455121 2074364 
0 0 0 0 0 0 0 0 0 0 0 0 0 0 0 0 0 0 0 0 0 0 0 0 0 362883 1953168 2455121 2538988 2603356 
0 0 0 0 0 0 0 0 0 0 0 0 0 0 0 0 0 0 0 0 0 0 0 0 0 0 382611 2074364 2603356 2678108 


0 0 1347 5887 2239 0 0 0 0 0 0 0 0 0 0 0 0 0 0 0 0 0 0 0 0 0 0 0 0 0 
0 1800 13327 21442 22781 6367 0 0 0 0 0 0 0 0 0 0 0 0 0 0 0 0 0 0 0 0 0 0 0 0 
1347 13327 26402 36328 45155 47109 11508 0 0 0 0 0 0 0 0 0 0 0 0 0 0 0 0 0 0 0 0 0 0 0 
5887 21442 36328 49984 63035 76625 74808 17963 0 0 0 0 0 0 0 0 0 0 0 0 0 0 0 0 0 0 0 0 0 0 
2239 22781 45155 63035 79634 96835 113419 111574 25676 0 0 0 0 0 0 0 0 0 0 0 0 0 0 0 0 0 0 0 0 0 
0 6367 47109 76625 96835 119790 138199 157889 150393 34068 0 0 0 0 0 0 0 0 0 0 0 0 0 0 0 0 0 0 0 0 
0 0 11508 74808 113419 138199 160254 184151 208360 192490 43771 0 0 0 0 0 0 0 0 0 0 0 0 0 0 0 0 0 0 0 
0 0 0 17963 111574 157889 184151 210718 238822 265854 245205 54457 0 0 0 0 0 0 0 0 0 0 0 0 0 0 0 0 0 0 
0 0 0 0 25676 150393 208360 238822 273176 302451 333375 302127 67104 0 0 0 0 0 0 0 0 0 0 0 0 0 0 0 0 0 
0 0 0 0 0 34068 192490 265854 302451 333952 369860 398923 361217 80287 0 0 0 0 0 0 0 0 0 0 0 0 0 0 0 0 
0 0 0 0 0 0 43771 245205 333375 369860 407938 445194 478043 428964 93561 0 0 0 0 0 0 0 0 0 0 0 0 0 0 0 
0 0 0 0 0 0 0 54457 302127 398923 445194 485182 521826 559111 496388 107660 0 0 0 0 0 0 0 0 0 0 0 0 0 0 
0 0 0 0 0 0 0 0 67104 361217 478043 521826 565624 607623 644728 570059 124889 0 0 0 0 0 0 0 0 0 0 0 0 0 
0 0 0 0 0 0 0 0 0 80287 428964 559111 607623 653204 694674 737100 650815 140124 0 0 0 0 0 0 0 0 0 0 0 0 
0 0 0 0 0 0 0 0 0 0 93561 496388 644728 694674 741908 783743 826798 731262 157157 0 0 0 0 0 0 0 0 0 0 0 
0 0 0 0 0 0 0 0 0 0 0 107660 570059 737100 783743 830430 879274 927603 816799 174837 0 0 0 0 0 0 0 0 0 0 
0 0 0 0 0 0 0 0 0 0 0 0 124889 650815 826798 879274 927016 982748 1028387 897507 191853 0 0 0 0 0 0 0 0 0 
0 0 0 0 0 0 0 0 0 0 0 0 0 140124 731262 927603 982748 1038016 1087756 1139630 989138 211646 0 0 0 0 0 0 0 0 
0 0 0 0 0 0 0 0 0 0 0 0 0 0 157157 816799 1028387 1087756 1144116 1201255 1243874 1090693 230050 0 0 0 0 0 0 0 
0 0 0 0 0 0 0 0 0 0 0 0 0 0 0 174837 897507 1139630 1201255 1259618 1314799 1367801 1186703 249881 0 0 0 0 0 0 
0 0 0 0 0 0 0 0 0 0 0 0 0 0 0 0 191853 989138 1243874 1314799 1379196 1430224 1483812 1278956 271220 0 0 0 0 0 
0 0 0 0 0 0 0 0 0 0 0 0 0 0 0 0 0 211646 1090693 1367801 1430224 1500308 1550396 1596535 1384704 291400 0 0 0 0 
0 0 0 0 0 0 0 0 0 0 0 0 0 0 0 0 0 0 230050 1186703 1483812 1550396 1604688 1662403 1722174 1483892 312527 0 0 0 
0 0 0 0 0 0 0 0 0 0 0 0 0 0 0 0 0 0 0 249881 1278956 1596535 1662403 1732008 1789424 1837838 1587705 334326 0 0 
0 0 0 0 0 0 0 0 0 0 0 0 0 0 0 0 0 0 0 0 271220 1384704 1722174 1789424 1861070 1913504 1964773 1696065 357022 0 
0 0 0 0 0 0 0 0 0 0 0 0 0 0 0 0 0 0 0 0 0 291400 1483892 1837838 1913504 1976946 2033292 2088682 1805020 380534 
0 0 0 0 0 0 0 0 0 0 0 0 0 0 0 0 0 0 0 0 0 0 312527 1587705 1964773 2033292 2096342 2165408 2222433 1905836 
0 0 0 0 0 0 0 0 0 0 0 0 0 0 0 0 0 0 0 0 0 0 0 334326 1696065 2088682 2165408 2244720 2307505 2360605 
0 0 0 0 0 0 0 0 0 0 0 0 0 0 0 0 0 0 0 0 0 0 0 0 357022 1805020 2222433 2307505 2380082 2442260 
0 0 0 0 0 0 0 0 0 0 0 0 0 0 0 0 0 0 0 0 0 0 0 0 0 380534 1905836 2360605 2442260 2520620 


0 0 0 2086 8344 3238 0 0 0 0 0 0 0 0 0 0 0 0 0 0 0 0 0 0 0 0 0 0 0 0 
0 0 3361 20531 30081 31612 8087 0 0 0 0 0 0 0 0 0 0 0 0 0 0 0 0 0 0 0 0 0 0 0 
0 3361 24928 39938 50801 62000 60955 15427 0 0 0 0 0 0 0 0 0 0 0 0 0 0 0 0 0 0 0 0 0 0 
2086 20531 39938 55332 70720 85884 100401 98153 23003 0 0 0 0 0 0 0 0 0 0 0 0 0 0 0 0 0 0 0 0 0 
8344 30081 50801 70720 88916 107969 126587 145723 139521 32152 0 0 0 0 0 0 0 0 0 0 0 0 0 0 0 0 0 0 0 0 
3238 31612 62000 85884 107969 133178 156600 178945 200924 187257 43272 0 0 0 0 0 0 0 0 0 0 0 0 0 0 0 0 0 0 0 
0 8087 60955 100401 126587 156600 181452 206554 233532 258484 239173 54004 0 0 0 0 0 0 0 0 0 0 0 0 0 0 0 0 0 0 
0 0 15427 98153 145723 178945 206554 236872 267149 298253 327746 299405 67554 0 0 0 0 0 0 0 0 0 0 0 0 0 0 0 0 0 
0 0 0 23003 139521 200924 233532 267149 304260 340585 374067 402924 365927 82701 0 0 0 0 0 0 0 0 0 0 0 0 0 0 0 0 
0 0 0 0 32152 187257 258484 298253 340585 375968 414797 449039 483192 439750 97517 0 0 0 0 0 0 0 0 0 0 0 0 0 0 0 
0 0 0 0 0 43272 239173 327746 374067 414797 459972 499193 538060 576687 515160 112276 0 0 0 0 0 0 0 0 0 0 0 0 0 0 
0 0 0 0 0 0 54004 299405 402924 449039 499193 541278 582435 627549 666285 591535 129013 0 0 0 0 0 0 0 0 0 0 0 0 0 
0 0 0 0 0 0 0 67554 365927 483192 538060 582435 630992 680861 720977 761603 679073 148525 0 0 0 0 0 0 0 0 0 0 0 0 
0 0 0 0 0 0 0 0 82701 439750 576687 627549 680861 738692 778035 821689 874265 773396 167817 0 0 0 0 0 0 0 0 0 0 0 
0 0 0 0 0 0 0 0 0 97517 515160 666285 720977 778035 829430 874387 926374 974705 864458 186967 0 0 0 0 0 0 0 0 0 0 
0 0 0 0 0 0 0 0 0 0 112276 591535 761603 821689 874387 924216 982380 1038307 1084156 956506 205876 0 0 0 0 0 0 0 0 0 
0 0 0 0 0 0 0 0 0 0 0 129013 679073 874265 926374 982380 1036920 1098456 1149918 1203540 1053243 227322 0 0 0 0 0 0 0 0 
0 0 0 0 0 0 0 0 0 0 0 0 148525 773396 974705 1038307 1098456 1161410 1217430 1277788 1329998 1164040 248084 0 0 0 0 0 0 0 
0 0 0 0 0 0 0 0 0 0 0 0 0 167817 864458 1084156 1149918 1217430 1279362 1340046 1397909 1456372 1272134 271621 0 0 0 0 0 0 
0 0 0 0 0 0 0 0 0 0 0 0 0 0 186967 956506 1203540 1277788 1340046 1406962 1472993 1529946 1584436 1379611 296635 0 0 0 0 0 
0 0 0 0 0 0 0 0 0 0 0 0 0 0 0 205876 1053243 1329998 1397909 1472993 1541250 1602315 1655795 1712648 1493718 317683 0 0 0 0 
0 0 0 0 0 0 0 0 0 0 0 0 0 0 0 0 227322 1164040 1456372 1529946 1602315 1676310 1730505 1787722 1851994 1605587 339539 0 0 0 
0 0 0 0 0 0 0 0 0 0 0 0 0 0 0 0 0 248084 1272134 1584436 1655795 1730505 1797018 1862691 1920503 1985811 1721966 363865 0 0 
0 0 0 0 0 0 0 0 0 0 0 0 0 0 0 0 0 0 271621 1379611 1712648 1787722 1862691 1939072 1999839 2057927 2121218 1841501 390688 0 
0 0 0 0 0 0 0 0 0 0 0 0 0 0 0 0 0 0 0 296635 1493718 1851994 1920503 1999839 2073070 2136331 2197255 2269151 1962605 414830 
0 0 0 0 0 0 0 0 0 0 0 0 0 0 0 0 0 0 0 0 317683 1605587 1985811 2057927 2136331 2211320 2278322 2344844 2417533 2085103 
0 0 0 0 0 0 0 0 0 0 0 0 0 0 0 0 0 0 0 0 0 339539 1721966 2121218 2197255 2278322 2348408 2426630 2498583 2561009 
0 0 0 0 0 0 0 0 0 0 0 0 0 0 0 0 0 0 0 0 0 0 363865 1841501 2269151 2344844 2426630 2503008 2586115 2647930 
0 0 0 0 0 0 0 0 0 0 0 0 0 0 0 0 0 0 0 0 0 0 0 390688 1962605 2417533 2498583 2586115 2671834 2736910 
0 0 0 0 0 0 0 0 0 0 0 0 0 0 0 0 0 0 0 0 0 0 0 0 414830 2085103 2561009 2647930 2736910 2813660 


0 0 0 0 2973 11870 3907 0 0 0 0 0 0 0 0 0 0 0 0 0 0 0 0 0 0 0 0 0 0 0 
0 0 0 5305 29067 42053 41616 10559 0 0 0 0 0 0 0 0 0 0 0 0 0 0 0 0 0 0 0 0 0 0 
0 0 6634 39335 57517 70365 81310 79837 19735 0 0 0 0 0 0 0 0 0 0 0 0 0 0 0 0 0 0 0 0 0 
0 5305 39335 62884 80083 96786 112748 130283 124561 29119 0 0 0 0 0 0 0 0 0 0 0 0 0 0 0 0 0 0 0 0 
2973 29067 57517 80083 102284 122395 143466 166538 186208 175801 41295 0 0 0 0 0 0 0 0 0 0 0 0 0 0 0 0 0 0 0 
11870 42053 70365 96786 122395 149934 175445 202139 227685 252068 232492 52564 0 0 0 0 0 0 0 0 0 0 0 0 0 0 0 0 0 0 
3907 41616 81310 112748 143466 175445 204544 235103 266261 293529 322859 293396 66570 0 0 0 0 0 0 0 0 0 0 0 0 0 0 0 0 0 
0 10559 79837 130283 166538 202139 235103 269340 304516 337835 373251 405713 365541 83264 0 0 0 0 0 0 0 0 0 0 0 0 0 0 0 0 
0 0 19735 124561 186208 227685 266261 304516 344254 384293 421921 457314 488713 447057 99744 0 0 0 0 0 0 0 0 0 0 0 0 0 0 0 
0 0 0 29119 175801 252068 293529 337835 384293 424546 467049 507651 545836 586558 526947 116881 0 0 0 0 0 0 0 0 0 0 0 0 0 0 
0 0 0 0 41295 232492 322859 373251 421921 467049 514578 561296 605326 650133 691981 616455 133909 0 0 0 0 0 0 0 0 0 0 0 0 0 
0 0 0 0 0 52564 293396 405713 457314 507651 561296 609532 655827 707734 750930 799240 708936 154757 0 0 0 0 0 0 0 0 0 0 0 0 
0 0 0 0 0 0 66570 365541 488713 545836 605326 655827 710194 767320 815180 860986 911684 811918 176132 0 0 0 0 0 0 0 0 0 0 0 
0 0 0 0 0 0 0 83264 447057 586558 650133 707734 767320 829410 874989 927727 982174 1037827 919692 199495 0 0 0 0 0 0 0 0 0 0 
0 0 0 0 0 0 0 0 99744 526947 691981 750930 815180 874989 929570 989520 1043087 1100746 1154479 1024087 219886 0 0 0 0 0 0 0 0 0 
0 0 0 0 0 0 0 0 0 116881 616455 799240 860986 927727 989520 1046372 1105726 1169383 1224362 1286110 1129415 245037 0 0 0 0 0 0 0 0 
0 0 0 0 0 0 0 0 0 0 133909 708936 911684 982174 1043087 1105726 1167124 1237487 1298159 1360853 1421327 1251587 268186 0 0 0 0 0 0 0 
0 0 0 0 0 0 0 0 0 0 0 154757 811918 1037827 1100746 1169383 1237487 1305748 1373111 1441937 1502137 1569309 1369712 293780 0 0 0 0 0 0 
0 0 0 0 0 0 0 0 0 0 0 0 176132 919692 1154479 1224362 1298159 1373111 1442184 1511960 1583660 1643817 1708477 1492408 319488 0 0 0 0 0 
0 0 0 0 0 0 0 0 0 0 0 0 0 199495 1024087 1286110 1360853 1441937 1511960 1583000 1659465 1725343 1788596 1854686 1615785 343474 0 0 0 0 
0 0 0 0 0 0 0 0 0 0 0 0 0 0 219886 1129415 1421327 1502137 1583660 1659465 1734430 1810416 1870363 1933241 2002408 1743435 369455 0 0 0 
0 0 0 0 0 0 0 0 0 0 0 0 0 0 0 245037 1251587 1569309 1643817 1725343 1810416 1888468 1952994 2020905 2092206 2158178 1870289 396003 0 0 
0 0 0 0 0 0 0 0 0 0 0 0 0 0 0 0 268186 1369712 1708477 1788596 1870363 1952994 2030848 2104661 2168376 2234478 2309811 2008963 426995 0 
0 0 0 0 0 0 0 0 0 0 0 0 0 0 0 0 0 293780 1492408 1854686 1933241 2020905 2104661 2186854 2256908 2327242 2395922 2471880 2141882 451891 
0 0 0 0 0 0 0 0 0 0 0 0 0 0 0 0 0 0 319488 1615785 2002408 2092206 2168376 2256908 2335424 2411622 2476602 2551833 2638246 2275773 
0 0 0 0 0 0 0 0 0 0 0 0 0 0 0 0 0 0 0 343474 1743435 2158178 2234478 2327242 2411622 2491026 2575662 2651075 2729791 2802186 
0 0 0 0 0 0 0 0 0 0 0 0 0 0 0 0 0 0 0 0 369455 1870289 2309811 2395922 2476602 2575662 2649312 2735356 2816236 2890253 
0 0 0 0 0 0 0 0 0 0 0 0 0 0 0 0 0 0 0 0 0 396003 2008963 2471880 2551833 2651075 2735356 2829976 2914587 2984883 
0 0 0 0 0 0 0 0 0 0 0 0 0 0 0 0 0 0 0 0 0 0 426995 2141882 2638246 2729791 2816236 2914587 3011184 3087536 
0 0 0 0 0 0 0 0 0 0 0 0 0 0 0 0 0 0 0 0 0 0 0 451891 2275773 2802186 2890253 2984883 3087536 3167682 


0 0 0 0 0 3924 14536 5153 0 0 0 0 0 0 0 0 0 0 0 0 0 0 0 0 0 0 0 0 0 0 
0 0 0 0 7081 41014 54372 53740 13045 0 0 0 0 0 0 0 0 0 0 0 0 0 0 0 0 0 0 0 0 0 
0 0 0 9598 53776 77707 90669 104181 99798 24194 0 0 0 0 0 0 0 0 0 0 0 0 0 0 0 0 0 0 0 0 
0 0 9598 59156 89785 108035 124993 144557 162221 153450 36286 0 0 0 0 0 0 0 0 0 0 0 0 0 0 0 0 0 0 0 
0 7081 53776 89785 114536 136549 159513 184385 207307 230347 214421 48431 0 0 0 0 0 0 0 0 0 0 0 0 0 0 0 0 0 0 
3924 41014 77707 108035 136549 165190 191415 222866 253052 279617 305771 278520 62410 0 0 0 0 0 0 0 0 0 0 0 0 0 0 0 0 0 
14536 54372 90669 124993 159513 191415 225472 261122 294506 324957 358536 386978 351773 79111 0 0 0 0 0 0 0 0 0 0 0 0 0 0 0 0 
5153 53740 104181 144557 184385 222866 261122 298570 338156 376457 414225 447934 481536 436705 96656 0 0 0 0 0 0 0 0 0 0 0 0 0 0 0 
0 13045 99798 162221 207307 253052 294506 338156 381258 423840 466006 506812 542788 582707 525649 114832 0 0 0 0 0 0 0 0 0 0 0 0 0 0 
0 0 24194 153450 230347 279617 324957 376457 423840 468094 514464 561886 604193 650078 693679 618511 134747 0 0 0 0 0 0 0 0 0 0 0 0 0 
0 0 0 36286 214421 305771 358536 414225 466006 514464 568360 619902 665258 719974 765641 809684 718836 155553 0 0 0 0 0 0 0 0 0 0 0 0 
0 0 0 0 48431 278520 386978 447934 506812 561886 619902 672530 724267 781388 831236 881224 934625 827108 177723 0 0 0 0 0 0 0 0 0 0 0 
0 0 0 0 0 62410 351773 481536 542788 604193 665258 724267 788536 848817 903525 954611 1009503 1065310 939410 200823 0 0 0 0 0 0 0 0 0 0 
0 0 0 0 0 0 79111 436705 582707 650078 719974 781388 848817 913780 972907 1028035 1084009 1147809 1206044 1060987 228843 0 0 0 0 0 0 0 0 0 
0 0 0 0 0 0 0 96656 525649 693679 765641 831236 903525 972907 1033140 1096278 1154517 1218386 1277001 1339837 1176743 251742 0 0 0 0 0 0 0 0 
0 0 0 0 0 0 0 0 114832 618511 809684 881224 954611 1028035 1096278 1158308 1222201 1291773 1353148 1421723 1486948 1306088 278631 0 0 0 0 0 0 0 
0 0 0 0 0 0 0 0 0 134747 718836 934625 1009503 1084009 1154517 1222201 1290942 1363892 1435090 1503574 1574726 1641255 1431845 304901 0 0 0 0 0 0 
0 0 0 0 0 0 0 0 0 0 155553 827108 1065310 1147809 1218386 1291773 1363892 1434082 1517097 1590668 1664624 1729311 1799896 1567427 332249 0 0 0 0 0 
0 0 0 0 0 0 0 0 0 0 0 177723 939410 1206044 1277001 1353148 1435090 1517097 1594564 1668910 1749444 1820088 1885412 1956446 1706593 361702 0 0 0 0 
0 0 0 0 0 0 0 0 0 0 0 0 200823 1060987 1339837 1421723 1503574 1590668 1668910 1754004 1834655 1903876 1976035 2049292 2125082 1842232 386619 0 0 0 
0 0 0 0 0 0 0 0 0 0 0 0 0 228843 1176743 1486948 1574726 1664624 1749444 1834655 1916182 1990644 2063158 2140004 2213654 2286332 1978811 418040 0 0 
0 0 0 0 0 0 0 0 0 0 0 0 0 0 251742 1306088 1641255 1729311 1820088 1903876 1990644 2073358 2157016 2242966 2311738 2382515 2454985 2133102 449865 0 
0 0 0 0 0 0 0 0 0 0 0 0 0 0 0 278631 1431845 1799896 1885412 1976035 2063158 2157016 2234860 2326420 2402107 2475520 2551937 2640949 2289889 481694 
0 0 0 0 0 0 0 0 0 0 0 0 0 0 0 0 304901 1567427 1956446 2049292 2140004 2242966 2326420 2414978 2494978 2570519 2647352 2731759 2815959 2430904 
0 0 0 0 0 0 0 0 0 0 0 0 0 0 0 0 0 332249 1706593 2125082 2213654 2311738 2402107 2494978 2581452 2665338 2741667 2825760 2912676 2988067 
0 0 0 0 0 0 0 0 0 0 0 0 0 0 0 0 0 0 361702 1842232 2286332 2382515 2475520 2570519 2665338 2757202 2840006 2934441 3014389 3101089 
0 0 0 0 0 0 0 0 0 0 0 0 0 0 0 0 0 0 0 386619 1978811 2454985 2551937 2647352 2741667 2840006 2926714 3018599 3110810 3200272 
0 0 0 0 0 0 0 0 0 0 0 0 0 0 0 0 0 0 0 0 418040 2133102 2640949 2731759 2825760 2934441 3018599 3127004 3215286 3298187 
0 0 0 0 0 0 0 0 0 0 0 0 0 0 0 0 0 0 0 0 0 449865 2289889 2815959 2912676 3014389 3110810 3215286 3322460 3407703 
0 0 0 0 0 0 0 0 0 0 0 0 0 0 0 0 0 0 0 0 0 0 481694 2430904 2988067 3101089 3200272 3298187 3407703 3505366 


0 0 0 0 0 0 4978 18547 6290 0 0 0 0 0 0 0 0 0 0 0 0 0 0 0 0 0 0 0 0 0 
0 0 0 0 0 9939 50311 68728 64973 15986 0 0 0 0 0 0 0 0 0 0 0 0 0 0 0 0 0 0 0 0 
0 0 0 0 13260 72313 98800 114252 128750 121474 29046 0 0 0 0 0 0 0 0 0 0 0 0 0 0 0 0 0 0 0 
0 0 0 13994 81509 118107 136717 157774 178148 199167 185558 42181 0 0 0 0 0 0 0 0 0 0 0 0 0 0 0 0 0 0 
0 0 13260 81509 125316 149904 173215 200063 225198 252327 277572 253764 56379 0 0 0 0 0 0 0 0 0 0 0 0 0 0 0 0 0 
0 9939 72313 118107 149904 181586 210179 242092 276031 304818 335919 364904 328267 74348 0 0 0 0 0 0 0 0 0 0 0 0 0 0 0 0 
4978 50311 98800 136717 173215 210179 245082 285319 321606 354109 390165 425895 458183 418288 91642 0 0 0 0 0 0 0 0 0 0 0 0 0 0 0 
18547 68728 114252 157774 200063 242092 285319 326834 369601 407786 450981 489067 526420 567817 509507 111045 0 0 0 0 0 0 0 0 0 0 0 0 0 0 
6290 64973 128750 178148 225198 276031 321606 369601 419086 461564 508894 551044 596564 641106 683379 608093 132945 0 0 0 0 0 0 0 0 0 0 0 0 0 
0 15986 121474 199167 252327 304818 354109 407786 461564 509232 563528 610840 661306 716856 761532 808047 715482 154826 0 0 0 0 0 0 0 0 0 0 0 0 
0 0 29046 185558 277572 335919 390165 450981 508894 563528 619596 673201 727074 785144 836018 887452 941630 830522 177736 0 0 0 0 0 0 0 0 0 0 0 
0 0 0 42181 253764 364904 425895 489067 551044 610840 673201 731452 792206 855829 909925 964807 1022495 1075894 947369 204084 0 0 0 0 0 0 0 0 0 0 
0 0 0 0 56379 328267 458183 526420 596564 661306 727074 792206 859046 926320 986533 1045424 1101146 1168227 1223530 1077139 231194 0 0 0 0 0 0 0 0 0 
0 0 0 0 0 74348 418288 567817 641106 716856 785144 855829 926320 996062 1062556 1125472 1187095 1255657 1321790 1380945 1214615 259585 0 0 0 0 0 0 0 0 
0 0 0 0 0 0 91642 509507 683379 761532 836018 909925 986533 1062556 1132852 1195607 1259658 1332218 1402639 1466053 1533377 1343326 285485 0 0 0 0 0 0 0 
0 0 0 0 0 0 0 111045 608093 808047 887452 964807 1045424 1125472 1195607 1268542 1340491 1415332 1483129 1555604 1625323 1701357 1480459 314470 0 0 0 0 0 0 
0 0 0 0 0 0 0 0 132945 715482 941630 1022495 1101146 1187095 1259658 1340491 1411218 1487111 1570962 1643484 1721421 1794109 1866484 1622802 343600 0 0 0 0 0 
0 0 0 0 0 0 0 0 0 154826 830522 1075894 1168227 1255657 1332218 1415332 1487111 1572026 1656503 1737594 1822385 1895817 1965852 2041380 1773755 372088 0 0 0 0 
0 0 0 0 0 0 0 0 0 0 177736 947369 1223530 1321790 1402639 1483129 1570962 1656503 1743908 1827934 1918088 1990744 2065045 2141998 2219440 1916175 404042 0 0 0 
0 0 0 0 0 0 0 0 0 0 0 204084 1077139 1380945 1466053 1555604 1643484 1737594 1827934 1919494 2007037 2082425 2167935 2243768 2323741 2401048 2072199 436351 0 0 
0 0 0 0 0 0 0 0 0 0 0 0 231194 1214615 1533377 1625323 1721421 1822385 1918088 2007037 2097314 2177031 2264077 2344381 2426923 2504565 2583345 2238609 468378 0 
0 0 0 0 0 0 0 0 0 0 0 0 0 259585 1343326 1701357 1794109 1895817 1990744 2082425 2177031 2270396 2362950 2450543 2532598 2608341 2691739 2778078 2404387 506178 
0 0 0 0 0 0 0 0 0 0 0 0 0 0 285485 1480459 1866484 1965852 2065045 2167935 2264077 2362950 2452788 2545774 2630664 2714215 2798365 2890579 2988042 2570126 
0 0 0 0 0 0 0 0 0 0 0 0 0 0 0 314470 1622802 2041380 2141998 2243768 2344381 2450543 2545774 2642344 2729641 2816816 2906043 2996479 3085499 3166733 
0 0 0 0 0 0 0 0 0 0 0 0 0 0 0 0 343600 1773755 2219440 2323741 2426923 2532598 2630664 2729641 2823518 2914643 3003869 3099950 3192545 3276380 
0 0 0 0 0 0 0 0 0 0 0 0 0 0 0 0 0 372088 1916175 2401048 2504565 2608341 2714215 2816816 2914643 3009206 3114905 3214574 3304224 3392918 
0 0 0 0 0 0 0 0 0 0 0 0 0 0 0 0 0 0 404042 2072199 2583345 2691739 2798365 2906043 3003869 3114905 3199698 3306427 3401647 3504406 
0 0 0 0 0 0 0 0 0 0 0 0 0 0 0 0 0 0 0 436351 2238609 2778078 2890579 2996479 3099950 3214574 3306427 3420544 3523644 3619289 
0 0 0 0 0 0 0 0 0 0 0 0 0 0 0 0 0 0 0 0 468378 2404387 2988042 3085499 3192545 3304224 3401647 3523644 3634562 3733865 
0 0 0 0 0 0 0 0 0 0 0 0 0 0 0 0 0 0 0 0 0 506178 2570126 3166733 3276380 3392918 3504406 3619289 3733865 3843820 


0 0 0 0 0 0 0 6201 23161 7715 0 0 0 0 0 0 0 0 0 0 0 0 0 0 0 0 0 0 0 0 
0 0 0 0 0 0 12390 62849 83147 78766 18895 0 0 0 0 0 0 0 0 0 0 0 0 0 0 0 0 0 0 0 
0 0 0 0 0 17019 90290 122206 137413 152130 143144 33534 0 0 0 0 0 0 0 0 0 0 0 0 0 0 0 0 0 0 
0 0 0 0 18792 106954 146131 169309 189255 212085 233315 213402 47826 0 0 0 0 0 0 0 0 0 0 0 0 0 0 0 0 0 
0 0 0 18792 111152 159493 185709 214433 241424 268579 296327 320984 291888 64989 0 0 0 0 0 0 0 0 0 0 0 0 0 0 0 0 
0 0 17019 106954 159493 195502 224591 258903 296064 327451 359049 392245 423173 381167 84831 0 0 0 0 0 0 0 0 0 0 0 0 0 0 0 
0 12390 90290 146131 185709 224591 261200 302142 342765 380151 417281 454650 492305 529565 476775 103118 0 0 0 0 0 0 0 0 0 0 0 0 0 0 
6201 62849 122206 169309 214433 258903 302142 347106 392179 435939 479321 523875 565841 606690 648723 577960 125125 0 0 0 0 0 0 0 0 0 0 0 0 0 
23161 83147 137413 189255 241424 296064 342765 392179 446048 493966 541455 589167 639196 687846 732885 777946 689177 147865 0 0 0 0 0 0 0 0 0 0 0 0 
7715 78766 152130 212085 268579 327451 380151 435939 493966 546138 600721 654359 709486 765623 815803 863594 917813 805163 172964 0 0 0 0 0 0 0 0 0 0 0 
0 18895 143144 233315 296327 359049 417281 479321 541455 600721 661982 720253 780638 841274 895697 948828 1009379 1060040 930126 198883 0 0 0 0 0 0 0 0 0 0 
0 0 33534 213402 320984 392245 454650 523875 589167 654359 720253 784346 847866 911173 970916 1034732 1092286 1149277 1209196 1060814 225414 0 0 0 0 0 0 0 0 0 
0 0 0 47826 291888 423173 492305 565841 639196 709486 780638 847866 921262 991972 1055371 1119815 1182428 1248158 1310687 1374906 1204208 256131 0 0 0 0 0 0 0 0 
0 0 0 0 64989 381167 529565 606690 687846 765623 841274 911173 991972 1064702 1133402 1205844 1274525 1343476 1416897 1480077 1549180 1353049 283984 0 0 0 0 0 0 0 
0 0 0 0 0 84831 476775 648723 732885 815803 895697 970916 1055371 1133402 1208722 1276318 1351876 1428520 1501574 1570549 1648088 1720681 1491219 312381 0 0 0 0 0 0 
0 0 0 0 0 0 103118 577960 777946 863594 948828 1034732 1119815 1205844 1276318 1356216 1437200 1515484 1592912 1666042 1738485 1817453 1891545 1644289 346075 0 0 0 0 0 
0 0 0 0 0 0 0 125125 689177 917813 1009379 1092286 1182428 1274525 1351876 1437200 1512528 1594871 1682365 1761552 1841369 1922669 1994570 2067236 1796680 377321 0 0 0 0 
0 0 0 0 0 0 0 0 147865 805163 1060040 1149277 1248158 1343476 1428520 1515484 1594871 1689236 1776566 1862937 1948715 2027196 2109940 2180708 2260097 1956699 406728 0 0 0 
0 0 0 0 0 0 0 0 0 172964 930126 1209196 1310687 1416897 1501574 1592912 1682365 1776566 1872524 1957426 2052561 2130503 2217521 2303526 2375241 2451416 2121316 445611 0 0 
0 0 0 0 0 0 0 0 0 0 198883 1060814 1374906 1480077 1570549 1666042 1761552 1862937 1957426 2054240 2150117 2235657 2326323 2411290 2489556 2564558 2655780 2294136 475385 0 
0 0 0 0 0 0 0 0 0 0 0 225414 1204208 1549180 1648088 1738485 1841369 1948715 2052561 2150117 2247366 2339807 2431012 2519527 2603393 2685845 2770257 2858035 2461290 513129 
0 0 0 0 0 0 0 0 0 0 0 0 256131 1353049 1720681 1817453 1922669 2027196 2130503 2235657 2339807 2436756 2532056 2625422 2713806 2800266 2884932 2980318 3073230 2644139 
0 0 0 0 0 0 0 0 0 0 0 0 0 283984 1491219 1891545 1994570 2109940 2217521 2326323 2431012 2532056 2622926 2725966 2821552 2914083 2993963 3096826 3192245 3291509 
0 0 0 0 0 0 0 0 0 0 0 0 0 0 312381 1644289 2067236 2180708 2303526 2411290 2519527 2625422 2725966 2829838 2925207 3015221 3107701 3212798 3310104 3401503 
0 0 0 0 0 0 0 0 0 0 0 0 0 0 0 346075 1796680 2260097 2375241 2489556 2603393 2713806 2821552 2925207 3016674 3119664 3216557 3325831 3425049 3520205 
0 0 0 0 0 0 0 0 0 0 0 0 0 0 0 0 377321 1956699 2451416 2564558 2685845 2800266 2914083 3015221 3119664 3222724 3327883 3447640 3537110 3632967 
0 0 0 0 0 0 0 0 0 0 0 0 0 0 0 0 0 406728 2121316 2655780 2770257 2884932 2993963 3107701 3216557 3327883 3437534 3546482 3648771 3750085 
0 0 0 0 0 0 0 0 0 0 0 0 0 0 0 0 0 0 445611 2294136 2858035 2980318 3096826 3212798 3325831 3447640 3546482 3666844 3771587 3876147 
0 0 0 0 0 0 0 0 0 0 0 0 0 0 0 0 0 0 0 475385 2461290 3073230 3192245 3310104 3425049 3537110 3648771 3771587 3886782 3999570 
0 0 0 0 0 0 0 0 0 0 0 0 0 0 0 0 0 0 0 0 513129 2644139 3291509 3401503 3520205 3632967 3750085 3876147 3999570 4113306 


0 0 0 0 0 0 0 0 7331 26844 8889 0 0 0 0 0 0 0 0 0 0 0 0 0 0 0 0 0 0 0 
0 0 0 0 0 0 0 15124 76341 99255 91843 22425 0 0 0 0 0 0 0 0 0 0 0 0 0 0 0 0 0 0 
0 0 0 0 0 0 21467 111283 147657 162493 178184 165791 38563 0 0 0 0 0 0 0 0 0 0 0 0 0 0 0 0 0 
0 0 0 0 0 24365 133969 181991 202888 225853 249594 270072 247009 55762 0 0 0 0 0 0 0 0 0 0 0 0 0 0 0 0 
0 0 0 0 25528 145102 197481 229894 257852 287594 316796 343312 374062 335864 75095 0 0 0 0 0 0 0 0 0 0 0 0 0 0 0 
0 0 0 24365 145102 207040 242057 277454 313934 350634 383442 418736 453431 484904 434831 96921 0 0 0 0 0 0 0 0 0 0 0 0 0 0 
0 0 21467 133969 197481 242057 282914 321672 364774 406912 446296 486079 526370 561924 601919 538487 117343 0 0 0 0 0 0 0 0 0 0 0 0 0 
0 15124 111283 181991 229894 277454 321672 370680 419433 465384 512049 558614 604533 648865 690910 736731 656624 141615 0 0 0 0 0 0 0 0 0 0 0 0 
7331 76341 147657 202888 257852 313934 364774 419433 472492 527628 577954 628975 686223 736881 783309 828971 876419 775555 168646 0 0 0 0 0 0 0 0 0 0 0 
26844 99255 162493 225853 287594 350634 406912 465384 527628 584312 641514 699720 756752 816874 868137 916596 975047 1028849 906843 195376 0 0 0 0 0 0 0 0 0 0 
8889 91843 178184 249594 316796 383442 446296 512049 577954 641514 704842 770906 834102 898931 955302 1013417 1070610 1127998 1188842 1042974 223847 0 0 0 0 0 0 0 0 0 
0 22425 165791 270072 343312 418736 486079 558614 628975 699720 770906 836372 906211 973899 1036668 1099798 1165674 1225760 1285479 1350229 1181018 253764 0 0 0 0 0 0 0 0 
0 0 38563 247009 374062 453431 526370 604533 686223 756752 834102 906211 981594 1056838 1125036 1196223 1261818 1329134 1393029 1465615 1528221 1337879 283939 0 0 0 0 0 0 0 
0 0 0 55762 335864 484904 561924 648865 736881 816874 898931 973899 1056838 1137408 1210297 1285187 1360708 1435531 1504783 1576360 1649418 1723161 1496147 317984 0 0 0 0 0 0 
0 0 0 0 75095 434831 601919 690910 783309 868137 955302 1036668 1125036 1210297 1288664 1365263 1447073 1524395 1597487 1671847 1755695 1832302 1895332 1648211 351181 0 0 0 0 0 
0 0 0 0 0 96921 538487 736731 828971 916596 1013417 1099798 1196223 1285187 1365263 1447790 1531967 1617907 1698296 1774709 1855440 1937585 2014942 2092922 1815966 384304 0 0 0 0 
0 0 0 0 0 0 117343 656624 876419 975047 1070610 1165674 1261818 1360708 1447073 1531967 1616394 1704809 1795483 1876287 1961022 2048579 2129722 2203076 2282875 1983836 419150 0 0 0 
0 0 0 0 0 0 0 141615 775555 1028849 1127998 1225760 1329134 1435531 1524395 1617907 1704809 1801566 1896457 1986884 2078437 2160553 2250057 2333906 2409380 2489446 2151521 455629 0 0 
0 0 0 0 0 0 0 0 168646 906843 1188842 1285479 1393029 1504783 1597487 1698296 1795483 1896457 1999626 2086413 2184866 2274250 2363955 2447784 2541560 2614202 2705891 2344792 494577 0 
0 0 0 0 0 0 0 0 0 195376 1042974 1350229 1465615 1576360 1671847 1774709 1876287 1986884 2086413 2192560 2287931 2384314 2479665 2568739 2655813 2737095 2824670 2919102 2520823 530408 
0 0 0 0 0 0 0 0 0 0 223847 1181018 1528221 1649418 1755695 1855440 1961022 2078437 2184866 2287931 2388748 2491887 2586420 2687808 2776835 2866234 2955490 3042835 3134278 2705430 
0 0 0 0 0 0 0 0 0 0 0 253764 1337879 1723161 1832302 1937585 2048579 2160553 2274250 2384314 2491887 2598226 2696796 2798317 2895209 2985188 3076849 3175281 3276798 3366188 
0 0 0 0 0 0 0 0 0 0 0 0 283939 1496147 1895332 2014942 2129722 2250057 2363955 2479665 2586420 2696796 2798720 2908484 3009662 3109297 3198162 3294774 3398149 3501554 
0 0 0 0 0 0 0 0 0 0 0 0 0 317984 1648211 2092922 2203076 2333906 2447784 2568739 2687808 2798317 2908484 3010616 3116107 3214825 3314306 3426299 3528736 3619965 
0 0 0 0 0 0 0 0 0 0 0 0 0 0 351181 1815966 2282875 2409380 2541560 2655813 2776835 2895209 3009662 3116107 3228462 3328917 3426088 3545908 3651387 3753025 
0 0 0 0 0 0 0 0 0 0 0 0 0 0 0 384304 1983836 2489446 2614202 2737095 2866234 2985188 3109297 3214825 3328917 3436706 3551352 3672565 3778262 3874976 
0 0 0 0 0 0 0 0 0 0 0 0 0 0 0 0 419150 2151521 2705891 2824670 2955490 3076849 3198162 3314306 3426088 3551352 3659290 3782422 3892953 3993952 
0 0 0 0 0 0 0 0 0 0 0 0 0 0 0 0 0 455629 2344792 2919102 3042835 3175281 3294774 3426299 3545908 3672565 3782422 3914482 4027553 4130630 
0 0 0 0 0 0 0 0 0 0 0 0 0 0 0 0 0 0 494577 2520823 3134278 3276798 3398149 3528736 3651387 3778262 3892953 4027553 4153122 4265728 
0 0 0 0 0 0 0 0 0 0 0 0 0 0 0 0 0 0 0 530408 2705430 3366188 3501554 3619965 3753025 3874976 3993952 4130630 4265728 4383790 


0 0 0 0 0 0 0 0 0 8706 31661 10095 0 0 0 0 0 0 0 0 0 0 0 0 0 0 0 0 0 0 
0 0 0 0 0 0 0 0 18235 91260 114608 106688 25657 0 0 0 0 0 0 0 0 0 0 0 0 0 0 0 0 0 
0 0 0 0 0 0 0 25826 133847 175288 190510 208045 191505 44651 0 0 0 0 0 0 0 0 0 0 0 0 0 0 0 0 
0 0 0 0 0 0 30498 166300 219482 244480 266431 290598 314564 285442 63601 0 0 0 0 0 0 0 0 0 0 0 0 0 0 0 
0 0 0 0 0 33269 180165 247677 277252 308136 340273 367187 399818 429964 382420 84319 0 0 0 0 0 0 0 0 0 0 0 0 0 0 
0 0 0 0 33269 186026 256736 297517 335437 372926 411321 448610 487043 520167 553360 492986 108569 0 0 0 0 0 0 0 0 0 0 0 0 0 
0 0 0 30498 180165 256736 302036 345208 390246 433929 478889 519890 563302 604769 640742 683651 608983 132356 0 0 0 0 0 0 0 0 0 0 0 0 
0 0 25826 166300 247677 297517 345208 395870 451052 498280 546341 598267 647723 694293 740904 785935 832840 739374 159059 0 0 0 0 0 0 0 0 0 0 0 
0 18235 133847 219482 277252 335437 390246 451052 511458 565853 621177 677208 733908 789414 840101 889833 937991 990716 873189 188437 0 0 0 0 0 0 0 0 0 0 
8706 91260 175288 244480 308136 372926 433929 498280 565853 627976 689953 747672 811263 873551 930746 986127 1044913 1096672 1158582 1016053 216532 0 0 0 0 0 0 0 0 0 
31661 114608 190510 266431 340273 411321 478889 546341 621177 689953 758962 824203 893310 959481 1026152 1087109 1149423 1208646 1274134 1329676 1167527 250436 0 0 0 0 0 0 0 0 
10095 106688 208045 290598 367187 448610 519890 598267 677208 747672 824203 898200 970818 1042877 1110185 1181103 1248781 1311946 1376975 1442686 1510481 1320608 279361 0 0 0 0 0 0 0 
0 25657 191505 314564 399818 487043 563302 647723 733908 811263 893310 970818 1051244 1131528 1202230 1277646 1349740 1423033 1492393 1565676 1638620 1707931 1486505 315085 0 0 0 0 0 0 
0 0 44651 285442 429964 520167 604769 694293 789414 873551 959481 1042877 1131528 1219920 1296662 1377035 1456872 1535262 1612896 1681569 1766606 1844564 1911397 1659891 352234 0 0 0 0 0 
0 0 0 63601 382420 553360 640742 740904 840101 930746 1026152 1110185 1202230 1296662 1378842 1461559 1548402 1635442 1716419 1790752 1876615 1960948 2034330 2105991 1832473 384693 0 0 0 0 
0 0 0 0 84319 492986 683651 785935 889833 986127 1087109 1181103 1277646 1377035 1461559 1553798 1642264 1734989 1821071 1901059 1989419 2080181 2156278 2236798 2317124 2006702 420026 0 0 0 
0 0 0 0 0 108569 608983 832840 937991 1044913 1149423 1248781 1349740 1456872 1548402 1642264 1731636 1830128 1924428 2011260 2107787 2193831 2276119 2362692 2451822 2531483 2186435 463423 0 0 
0 0 0 0 0 0 132356 739374 990716 1096672 1208646 1311946 1423033 1535262 1635442 1734989 1830128 1929686 2031495 2130880 2226359 2317715 2406932 2496849 2584813 2668758 2752789 2387768 501944 0 
0 0 0 0 0 0 0 159059 873189 1158582 1274134 1376975 1492393 1612896 1716419 1821071 1924428 2031495 2138576 2233905 2338829 2435930 2531410 2617260 2719158 2809293 2895967 2984224 2584588 545161 
0 0 0 0 0 0 0 0 188437 1016053 1329676 1442686 1565676 1681569 1790752 1901059 2011260 2130880 2233905 2340780 2447062 2553368 2651286 2749037 2847048 2937513 3030360 3123529 3227728 2783247 
0 0 0 0 0 0 0 0 0 216532 1167527 1510481 1638620 1766606 1876615 1989419 2107787 2226359 2338829 2447062 2560766 2668391 2771220 2870735 2977281 3068965 3161805 3264785 3366789 3453402 
0 0 0 0 0 0 0 0 0 0 250436 1320608 1707931 1844564 1960948 2080181 2193831 2317715 2435930 2553368 2668391 2776152 2886390 2992381 3097692 3198262 3296286 3399636 3507040 3597900 
0 0 0 0 0 0 0 0 0 0 0 279361 1486505 1911397 2034330 2156278 2276119 2406932 2531410 2651286 2771220 2886390 2994676 3116353 3219831 3324716 3427578 3535931 3642774 3744455 
0 0 0 0 0 0 0 0 0 0 0 0 315085 1659891 2105991 2236798 2362692 2496849 2617260 2749037 2870735 2992381 3116353 3225610 3334442 3442215 3550982 3671322 3778113 3877369 
0 0 0 0 0 0 0 0 0 0 0 0 0 352234 1832473 2317124 2451822 2584813 2719158 2847048 2977281 3097692 3219831 3334442 3464008 3568107 3672813 3796455 3908835 4021240 
0 0 0 0 0 0 0 0 0 0 0 0 0 0 384693 2006702 2531483 2668758 2809293 2937513 3068965 3198262 3324716 3442215 3568107 3687038 3809061 3926870 4047735 4160533 
0 0 0 0 0 0 0 0 0 0 0 0 0 0 0 420026 2186435 2752789 2895967 3030360 3161805 3296286 3427578 3550982 3672813 3809061 3923334 4048795 4175429 4278162 
0 0 0 0 0 0 0 0 0 0 0 0 0 0 0 0 463423 2387768 2984224 3123529 3264785 3399636 3535931 3671322 3796455 3926870 4048795 4191660 4310596 4424787 
0 0 0 0 0 0 0 0 0 0 0 0 0 0 0 0 0 501944 2584588 3227728 3366789 3507040 3642774 3778113 3908835 4047735 4175429 4310596 4453142 4562930 
0 0 0 0 0 0 0 0 0 0 0 0 0 0 0 0 0 0 545161 2783247 3453402 3597900 3744455 3877369 4021240 4160533 4278162 4424787 4562930 4687512 


0 0 0 0 0 0 0 0 0 0 10408 36134 11546 0 0 0 0 0 0 0 0 0 0 0 0 0 0 0 0 0 
0 0 0 0 0 0 0 0 0 22152 106435 131894 123455 29416 0 0 0 0 0 0 0 0 0 0 0 0 0 0 0 0 
0 0 0 0 0 0 0 0 30961 158140 203310 221284 241210 218869 50387 0 0 0 0 0 0 0 0 0 0 0 0 0 0 0 
0 0 0 0 0 0 0 38226 199276 259636 283295 308873 336212 359664 322489 71034 0 0 0 0 0 0 0 0 0 0 0 0 0 0 
0 0 0 0 0 0 41452 222784 297807 330541 360617 392271 423721 457888 487620 430994 94945 0 0 0 0 0 0 0 0 0 0 0 0 0 
0 0 0 0 0 41990 231026 316906 358384 398385 439847 475271 515654 555319 589486 623959 553943 120187 0 0 0 0 0 0 0 0 0 0 0 0 
0 0 0 0 41452 231026 320616 369352 418445 461376 509878 553102 600017 646005 682466 726369 770963 682859 147512 0 0 0 0 0 0 0 0 0 0 0 
0 0 0 38226 222784 316906 369352 423068 479706 531751 584651 636402 689526 741022 789818 836324 886507 937332 826689 178772 0 0 0 0 0 0 0 0 0 0 
