30 58 0 0 0 0 0 0 0 0 0 0 0 0 0 0 0 0 0 0 0 0 0 0 0 0 0 0 0 0 
58 688 379 0 0 0 0 0 0 0 0 0 0 0 0 0 0 0 0 0 0 0 0 0 0 0 0 0 0 0 
0 379 1796 826 0 0 0 0 0 0 0 0 0 0 0 0 0 0 0 0 0 0 0 0 0 0 0 0 0 0 
0 0 826 3448 1317 0 0 0 0 0 0 0 0 0 0 0 0 0 0 0 0 0 0 0 0 0 0 0 0 0 
0 0 0 1317 5818 2192 0 0 0 0 0 0 0 0 0 0 0 0 0 0 0 0 0 0 0 0 0 0 0 0 
0 0 0 0 2192 8616 2998 0 0 0 0 0 0 0 0 0 0 0 0 0 0 0 0 0 0 0 0 0 0 0 
0 0 0 0 0 2998 11930 4111 0 0 0 0 0 0 0 0 0 0 0 0 0 0 0 0 0 0 0 0 0 0 
0 0 0 0 0 0 4111 15648 5212 0 0 0 0 0 0 0 0 0 0 0 0 0 0 0 0 0 0 0 0 0 
0 0 0 0 0 0 0 5212 19252 6688 0 0 0 0 0 0 0 0 0 0 0 0 0 0 0 0 0 0 0 0 
0 0 0 0 0 0 0 0 6688 23870 7972 0 0 0 0 0 0 0 0 0 0 0 0 0 0 0 0 0 0 0 
0 0 0 0 0 0 0 0 0 7972 29446 9583 0 0 0 0 0 0 0 0 0 0 0 0 0 0 0 0 0 0 
0 0 0 0 0 0 0 0 0 0 9583 34848 10983 0 0 0 0 0 0 0 0 0 0 0 0 0 0 0 0 0 
0 0 0 0 0 0 0 0 0 0 0 10983 40050 13076 0 0 0 0 0 0 0 0 0 0 0 0 0 0 0 0 
0 0 0 0 0 0 0 0 0 0 0 0 13076 46378 14930 0 0 0 0 0 0 0 0 0 0 0 0 0 0 0 
0 0 0 0 0 0 0 0 0 0 0 0 0 14930 53410 16985 0 0 0 0 0 0 0 0 0 0 0 0 0 0 
0 0 0 0 0 0 0 0 0 0 0 0 0 0 16985 60796 18956 0 0 0 0 0 0 0 0 0 0 0 0 0 
0 0 0 0 0 0 0 0 0 0 0 0 0 0 0 18956 66932 20958 0 0 0 0 0 0 0 0 0 0 0 0 
0 0 0 0 0 0 0 0 0 0 0 0 0 0 0 0 20958 74882 23402 0 0 0 0 0 0 0 0 0 0 0 
0 0 0 0 0 0 0 0 0 0 0 0 0 0 0 0 0 23402 82502 25823 0 0 0 0 0 0 0 0 0 0 
0 0 0 0 0 0 0 0 0 0 0 0 0 0 0 0 0 0 25823 89402 27990 0 0 0 0 0 0 0 0 0 
0 0 0 0 0 0 0 0 0 0 0 0 0 0 0 0 0 0 0 27990 98020 30451 0 0 0 0 0 0 0 0 
0 0 0 0 0 0 0 0 0 0 0 0 0 0 0 0 0 0 0 0 30451 106268 32749 0 0 0 0 0 0 0 
0 0 0 0 0 0 0 0 0 0 0 0 0 0 0 0 0 0 0 0 0 32749 115624 35836 0 0 0 0 0 0 
0 0 0 0 0 0 0 0 0 0 0 0 0 0 0 0 0 0 0 0 0 0 35836 124474 38045 0 0 0 0 0 
0 0 0 0 0 0 0 0 0 0 0 0 0 0 0 0 0 0 0 0 0 0 0 38045 133178 41118 0 0 0 0 
0 0 0 0 0 0 0 0 0 0 0 0 0 0 0 0 0 0 0 0 0 0 0 0 41118 141878 43848 0 0 0 
0 0 0 0 0 0 0 0 0 0 0 0 0 0 0 0 0 0 0 0 0 0 0 0 0 43848 150412 46259 0 0 
0 0 0 0 0 0 0 0 0 0 0 0 0 0 0 0 0 0 0 0 0 0 0 0 0 0 46259 160546 49339 0 
0 0 0 0 0 0 0 0 0 0 0 0 0 0 0 0 0 0 0 0 0 0 0 0 0 0 0 49339 169082 52583 
0 0 0 0 0 0 0 0 0 0 0 0 0 0 0 0 0 0 0 0 0 0 0 0 0 0 0 0 52583 179022 


58 688 379 0 0 0 0 0 0 0 0 0 0 0 0 0 0 0 0 0 0 0 0 0 0 0 0 0 0 0 
688 2592 3608 1232 0 0 0 0 0 0 0 0 0 0 0 0 0 0 0 0 0 0 0 0 0 0 0 0 0 0 
379 3608 6854 7895 2492 0 0 0 0 0 0 0 0 0 0 0 0 0 0 0 0 0 0 0 0 0 0 0 0 0 
0 1232 7895 13084 14258 4012 0 0 0 0 0 0 0 0 0 0 0 0 0 0 0 0 0 0 0 0 0 0 0 0 
0 0 2492 14258 21054 22115 5925 0 0 0 0 0 0 0 0 0 0 0 0 0 0 0 0 0 0 0 0 0 0 0 
0 0 0 4012 22115 30726 31647 8210 0 0 0 0 0 0 0 0 0 0 0 0 0 0 0 0 0 0 0 0 0 0 
0 0 0 0 5925 31647 42962 42631 10943 0 0 0 0 0 0 0 0 0 0 0 0 0 0 0 0 0 0 0 0 0 
0 0 0 0 0 8210 42631 56310 54759 13872 0 0 0 0 0 0 0 0 0 0 0 0 0 0 0 0 0 0 0 0 
0 0 0 0 0 0 10943 54759 71746 68451 17436 0 0 0 0 0 0 0 0 0 0 0 0 0 0 0 0 0 0 0 
0 0 0 0 0 0 0 13872 68451 87462 83994 20716 0 0 0 0 0 0 0 0 0 0 0 0 0 0 0 0 0 0 
0 0 0 0 0 0 0 0 17436 83994 107214 100591 24625 0 0 0 0 0 0 0 0 0 0 0 0 0 0 0 0 0 
0 0 0 0 0 0 0 0 0 20716 100591 126376 117398 29075 0 0 0 0 0 0 0 0 0 0 0 0 0 0 0 0 
0 0 0 0 0 0 0 0 0 0 24625 117398 146554 136224 33102 0 0 0 0 0 0 0 0 0 0 0 0 0 0 0 
0 0 0 0 0 0 0 0 0 0 0 29075 136224 169196 155299 37603 0 0 0 0 0 0 0 0 0 0 0 0 0 0 
0 0 0 0 0 0 0 0 0 0 0 0 33102 155299 191778 176871 42633 0 0 0 0 0 0 0 0 0 0 0 0 0 
0 0 0 0 0 0 0 0 0 0 0 0 0 37603 176871 217154 197277 47439 0 0 0 0 0 0 0 0 0 0 0 0 
0 0 0 0 0 0 0 0 0 0 0 0 0 0 42633 197277 242396 220329 52927 0 0 0 0 0 0 0 0 0 0 0 
0 0 0 0 0 0 0 0 0 0 0 0 0 0 0 47439 220329 269246 243522 58301 0 0 0 0 0 0 0 0 0 0 
0 0 0 0 0 0 0 0 0 0 0 0 0 0 0 0 52927 243522 296598 267871 63674 0 0 0 0 0 0 0 0 0 
0 0 0 0 0 0 0 0 0 0 0 0 0 0 0 0 0 58301 267871 325176 293128 69723 0 0 0 0 0 0 0 0 
0 0 0 0 0 0 0 0 0 0 0 0 0 0 0 0 0 0 63674 293128 355580 318442 75643 0 0 0 0 0 0 0 
0 0 0 0 0 0 0 0 0 0 0 0 0 0 0 0 0 0 0 69723 318442 384814 344156 81337 0 0 0 0 0 0 
0 0 0 0 0 0 0 0 0 0 0 0 0 0 0 0 0 0 0 0 75643 344156 416270 371874 87322 0 0 0 0 0 
0 0 0 0 0 0 0 0 0 0 0 0 0 0 0 0 0 0 0 0 0 81337 371874 449212 399788 94689 0 0 0 0 
0 0 0 0 0 0 0 0 0 0 0 0 0 0 0 0 0 0 0 0 0 0 87322 399788 479394 427715 100898 0 0 0 
0 0 0 0 0 0 0 0 0 0 0 0 0 0 0 0 0 0 0 0 0 0 0 94689 427715 514534 455373 106750 0 0 
0 0 0 0 0 0 0 0 0 0 0 0 0 0 0 0 0 0 0 0 0 0 0 0 100898 455373 545506 485926 113700 0 
0 0 0 0 0 0 0 0 0 0 0 0 0 0 0 0 0 0 0 0 0 0 0 0 0 106750 485926 579648 514414 120881 
0 0 0 0 0 0 0 0 0 0 0 0 0 0 0 0 0 0 0 0 0 0 0 0 0 0 113700 514414 614936 545702 
0 0 0 0 0 0 0 0 0 0 0 0 0 0 0 0 0 0 0 0 0 0 0 0 0 0 0 120881 545702 650442 


0 379 1796 826 0 0 0 0 0 0 0 0 0 0 0 0 0 0 0 0 0 0 0 0 0 0 0 0 0 0 
379 3608 6854 7895 2492 0 0 0 0 0 0 0 0 0 0 0 0 0 0 0 0 0 0 0 0 0 0 0 0 0 
1796 6854 10986 15322 16682 4706 0 0 0 0 0 0 0 0 0 0 0 0 0 0 0 0 0 0 0 0 0 0 0 0 
826 7895 15322 21208 27348 28127 7266 0 0 0 0 0 0 0 0 0 0 0 0 0 0 0 0 0 0 0 0 0 0 0 
0 2492 16682 27348 35124 42382 42826 10621 0 0 0 0 0 0 0 0 0 0 0 0 0 0 0 0 0 0 0 0 0 0 
0 0 4706 28127 42382 51092 60495 58819 14383 0 0 0 0 0 0 0 0 0 0 0 0 0 0 0 0 0 0 0 0 0 
0 0 0 7266 42826 60495 70376 81589 78106 18940 0 0 0 0 0 0 0 0 0 0 0 0 0 0 0 0 0 0 0 0 
0 0 0 0 10621 58819 81589 92674 104861 99719 23712 0 0 0 0 0 0 0 0 0 0 0 0 0 0 0 0 0 0 0 
0 0 0 0 0 14383 78106 104861 118276 131545 122608 29176 0 0 0 0 0 0 0 0 0 0 0 0 0 0 0 0 0 0 
0 0 0 0 0 0 18940 99719 131545 146226 160140 149013 34912 0 0 0 0 0 0 0 0 0 0 0 0 0 0 0 0 0 
0 0 0 0 0 0 0 23712 122608 160140 177646 191256 175422 41497 0 0 0 0 0 0 0 0 0 0 0 0 0 0 0 0 
0 0 0 0 0 0 0 0 29176 149013 191256 208186 224064 204958 47668 0 0 0 0 0 0 0 0 0 0 0 0 0 0 0 
0 0 0 0 0 0 0 0 0 34912 175422 224064 241838 259870 236177 54316 0 0 0 0 0 0 0 0 0 0 0 0 0 0 
0 0 0 0 0 0 0 0 0 0 41497 204958 259870 278418 297962 269906 61811 0 0 0 0 0 0 0 0 0 0 0 0 0 
0 0 0 0 0 0 0 0 0 0 0 47668 236177 297962 316754 337732 303630 69426 0 0 0 0 0 0 0 0 0 0 0 0 
0 0 0 0 0 0 0 0 0 0 0 0 54316 269906 337732 358956 379226 339233 76898 0 0 0 0 0 0 0 0 0 0 0 
0 0 0 0 0 0 0 0 0 0 0 0 0 61811 303630 379226 400092 422135 377211 85545 0 0 0 0 0 0 0 0 0 0 
0 0 0 0 0 0 0 0 0 0 0 0 0 0 69426 339233 422135 444396 466745 416338 94778 0 0 0 0 0 0 0 0 0 
0 0 0 0 0 0 0 0 0 0 0 0 0 0 0 76898 377211 466745 489562 511982 455663 103707 0 0 0 0 0 0 0 0 
0 0 0 0 0 0 0 0 0 0 0 0 0 0 0 0 85545 416338 511982 536756 559145 496569 112073 0 0 0 0 0 0 0 
0 0 0 0 0 0 0 0 0 0 0 0 0 0 0 0 0 94778 455663 559145 583652 609258 539950 121146 0 0 0 0 0 0 
0 0 0 0 0 0 0 0 0 0 0 0 0 0 0 0 0 0 103707 496569 609258 633166 658579 582013 130789 0 0 0 0 0 
0 0 0 0 0 0 0 0 0 0 0 0 0 0 0 0 0 0 0 112073 539950 658579 683812 709583 626898 141149 0 0 0 0 
0 0 0 0 0 0 0 0 0 0 0 0 0 0 0 0 0 0 0 0 121146 582013 709583 736514 762981 672021 150261 0 0 0 
0 0 0 0 0 0 0 0 0 0 0 0 0 0 0 0 0 0 0 0 0 130789 626898 762981 788182 816097 718177 160739 0 0 
0 0 0 0 0 0 0 0 0 0 0 0 0 0 0 0 0 0 0 0 0 0 141149 672021 816097 846056 870785 764643 170879 0 
0 0 0 0 0 0 0 0 0 0 0 0 0 0 0 0 0 0 0 0 0 0 0 150261 718177 870785 897646 926081 813143 181170 
0 0 0 0 0 0 0 0 0 0 0 0 0 0 0 0 0 0 0 0 0 0 0 0 160739 764643 926081 951028 982096 860758 
0 0 0 0 0 0 0 0 0 0 0 0 0 0 0 0 0 0 0 0 0 0 0 0 0 170879 813143 982096 1009920 1039410 
0 0 0 0 0 0 0 0 0 0 0 0 0 0 0 0 0 0 0 0 0 0 0 0 0 0 181170 860758 1039410 1066770 


0 0 826 3448 1317 0 0 0 0 0 0 0 0 0 0 0 0 0 0 0 0 0 0 0 0 0 0 0 0 0 
0 1232 7895 13084 14258 4012 0 0 0 0 0 0 0 0 0 0 0 0 0 0 0 0 0 0 0 0 0 0 0 0 
826 7895 15322 21208 27348 28127 7266 0 0 0 0 0 0 0 0 0 0 0 0 0 0 0 0 0 0 0 0 0 0 0 
3448 13084 21208 28932 38146 45404 45544 11436 0 0 0 0 0 0 0 0 0 0 0 0 0 0 0 0 0 0 0 0 0 0 
1317 14258 27348 38146 47718 58533 68255 66234 15933 0 0 0 0 0 0 0 0 0 0 0 0 0 0 0 0 0 0 0 0 0 
0 4012 28127 45404 58533 70458 83178 95732 90609 21721 0 0 0 0 0 0 0 0 0 0 0 0 0 0 0 0 0 0 0 0 
0 0 7266 45544 68255 83178 97576 111938 125375 118627 27809 0 0 0 0 0 0 0 0 0 0 0 0 0 0 0 0 0 0 0 
0 0 0 11436 66234 95732 111938 128002 145061 160808 149083 34760 0 0 0 0 0 0 0 0 0 0 0 0 0 0 0 0 0 0 
0 0 0 0 15933 90609 125375 145061 162062 180481 199354 182533 41496 0 0 0 0 0 0 0 0 0 0 0 0 0 0 0 0 0 
0 0 0 0 0 21721 118627 160808 180481 200408 220656 239414 218284 49982 0 0 0 0 0 0 0 0 0 0 0 0 0 0 0 0 
0 0 0 0 0 0 27809 149083 199354 220656 242162 263243 284429 258329 58245 0 0 0 0 0 0 0 0 0 0 0 0 0 0 0 
0 0 0 0 0 0 0 34760 182533 239414 263243 285246 307980 331287 298976 67386 0 0 0 0 0 0 0 0 0 0 0 0 0 0 
0 0 0 0 0 0 0 0 41496 218284 284429 307980 332032 357490 380172 342567 76403 0 0 0 0 0 0 0 0 0 0 0 0 0 
0 0 0 0 0 0 0 0 0 49982 258329 331287 357490 384864 408920 435342 388612 86205 0 0 0 0 0 0 0 0 0 0 0 0 
0 0 0 0 0 0 0 0 0 0 58245 298976 380172 408920 435490 463377 489712 436303 97005 0 0 0 0 0 0 0 0 0 0 0 
0 0 0 0 0 0 0 0 0 0 0 67386 342567 435342 463377 492976 520126 547503 486686 107130 0 0 0 0 0 0 0 0 0 0 
0 0 0 0 0 0 0 0 0 0 0 0 76403 388612 489712 520126 550336 579162 607927 538702 119171 0 0 0 0 0 0 0 0 0 
0 0 0 0 0 0 0 0 0 0 0 0 0 86205 436303 547503 579162 609548 640515 671187 592227 130832 0 0 0 0 0 0 0 0 
0 0 0 0 0 0 0 0 0 0 0 0 0 0 97005 486686 607927 640515 673312 704033 734510 647948 142404 0 0 0 0 0 0 0 
0 0 0 0 0 0 0 0 0 0 0 0 0 0 0 107130 538702 671187 704033 737414 770765 800173 703843 154683 0 0 0 0 0 0 
0 0 0 0 0 0 0 0 0 0 0 0 0 0 0 0 119171 592227 734510 770765 803862 838854 869758 763637 166320 0 0 0 0 0 
0 0 0 0 0 0 0 0 0 0 0 0 0 0 0 0 0 130832 647948 800173 838854 871758 903495 938813 820548 179137 0 0 0 0 
0 0 0 0 0 0 0 0 0 0 0 0 0 0 0 0 0 0 142404 703843 869758 903495 940858 976564 1011131 884496 192255 0 0 0 
0 0 0 0 0 0 0 0 0 0 0 0 0 0 0 0 0 0 0 154683 763637 938813 976564 1011306 1050959 1084650 945045 206779 0 0 
0 0 0 0 0 0 0 0 0 0 0 0 0 0 0 0 0 0 0 0 166320 820548 1011131 1050959 1084764 1122259 1157808 1007750 218914 0 
0 0 0 0 0 0 0 0 0 0 0 0 0 0 0 0 0 0 0 0 0 179137 884496 1084650 1122259 1163044 1197689 1233106 1071054 232519 
0 0 0 0 0 0 0 0 0 0 0 0 0 0 0 0 0 0 0 0 0 0 192255 945045 1157808 1197689 1235268 1272982 1308225 1137784 
0 0 0 0 0 0 0 0 0 0 0 0 0 0 0 0 0 0 0 0 0 0 0 206779 1007750 1233106 1272982 1308458 1349033 1386863 
0 0 0 0 0 0 0 0 0 0 0 0 0 0 0 0 0 0 0 0 0 0 0 0 218914 1071054 1308225 1349033 1386442 1428714 
0 0 0 0 0 0 0 0 0 0 0 0 0 0 0 0 0 0 0 0 0 0 0 0 0 232519 1137784 1386863 1428714 1467820 


0 0 0 1317 5818 2192 0 0 0 0 0 0 0 0 0 0 0 0 0 0 0 0 0 0 0 0 0 0 0 0 
0 0 2492 14258 21054 22115 5925 0 0 0 0 0 0 0 0 0 0 0 0 0 0 0 0 0 0 0 0 0 0 0 
0 2492 16682 27348 35124 42382 42826 10621 0 0 0 0 0 0 0 0 0 0 0 0 0 0 0 0 0 0 0 0 0 0 
1317 14258 27348 38146 47718 58533 68255 66234 15933 0 0 0 0 0 0 0 0 0 0 0 0 0 0 0 0 0 0 0 0 0 
5818 21054 35124 47718 60930 74378 87872 100240 96170 22478 0 0 0 0 0 0 0 0 0 0 0 0 0 0 0 0 0 0 0 0 
2192 22115 42382 58533 74378 90506 106625 122744 137319 129267 30161 0 0 0 0 0 0 0 0 0 0 0 0 0 0 0 0 0 0 0 
0 5925 42826 68255 87872 106625 124784 142946 160782 179073 166165 38184 0 0 0 0 0 0 0 0 0 0 0 0 0 0 0 0 0 0 
0 0 10621 66234 100240 122744 142946 165332 184792 204764 226794 207344 47127 0 0 0 0 0 0 0 0 0 0 0 0 0 0 0 0 0 
0 0 0 15933 96170 137319 160782 184792 207904 230058 254562 276194 251439 56512 0 0 0 0 0 0 0 0 0 0 0 0 0 0 0 0 
0 0 0 0 22478 129267 179073 204764 230058 257266 282771 307041 329811 299024 66768 0 0 0 0 0 0 0 0 0 0 0 0 0 0 0 
0 0 0 0 0 30161 166165 226794 254562 282771 311604 338506 364703 391481 351609 78020 0 0 0 0 0 0 0 0 0 0 0 0 0 0 
0 0 0 0 0 0 38184 207344 276194 307041 338506 365166 394528 424154 451213 404406 89664 0 0 0 0 0 0 0 0 0 0 0 0 0 
0 0 0 0 0 0 0 47127 251439 329811 364703 394528 426846 457732 488728 518351 461311 101096 0 0 0 0 0 0 0 0 0 0 0 0 
0 0 0 0 0 0 0 0 56512 299024 391481 424154 457732 490730 523034 556884 588205 520113 114385 0 0 0 0 0 0 0 0 0 0 0 
0 0 0 0 0 0 0 0 0 66768 351609 451213 488728 523034 559102 593423 627875 661256 584580 127651 0 0 0 0 0 0 0 0 0 0 
0 0 0 0 0 0 0 0 0 0 78020 404406 518351 556884 593423 629992 666730 701254 736006 648856 141877 0 0 0 0 0 0 0 0 0 
0 0 0 0 0 0 0 0 0 0 0 89664 461311 588205 627875 666730 703738 741438 778154 814821 716059 156156 0 0 0 0 0 0 0 0 
0 0 0 0 0 0 0 0 0 0 0 0 101096 520113 661256 701254 741438 782528 818126 858472 896789 786524 170551 0 0 0 0 0 0 0 
0 0 0 0 0 0 0 0 0 0 0 0 0 114385 584580 736006 778154 818126 862378 900188 942832 980837 857388 185233 0 0 0 0 0 0 
0 0 0 0 0 0 0 0 0 0 0 0 0 0 127651 648856 814821 858472 900188 942702 983785 1027193 1065586 929269 201015 0 0 0 0 0 
0 0 0 0 0 0 0 0 0 0 0 0 0 0 0 141877 716059 896789 942832 983785 1028822 1069220 1114715 1155278 1006706 217016 0 0 0 0 
0 0 0 0 0 0 0 0 0 0 0 0 0 0 0 0 156156 786524 980837 1027193 1069220 1116796 1158737 1201973 1246583 1083319 232886 0 0 0 
0 0 0 0 0 0 0 0 0 0 0 0 0 0 0 0 0 170551 857388 1065586 1114715 1158737 1202830 1247445 1293750 1337516 1159808 248597 0 0 
0 0 0 0 0 0 0 0 0 0 0 0 0 0 0 0 0 0 185233 929269 1155278 1201973 1247445 1293892 1342501 1385808 1431888 1239328 265886 0 
0 0 0 0 0 0 0 0 0 0 0 0 0 0 0 0 0 0 0 201015 1006706 1246583 1293750 1342501 1389390 1437112 1484038 1527326 1323146 283399 
0 0 0 0 0 0 0 0 0 0 0 0 0 0 0 0 0 0 0 0 217016 1083319 1337516 1385808 1437112 1485840 1532041 1578619 1624747 1403731 
0 0 0 0 0 0 0 0 0 0 0 0 0 0 0 0 0 0 0 0 0 232886 1159808 1431888 1484038 1532041 1581168 1626348 1673194 1720958 
0 0 0 0 0 0 0 0 0 0 0 0 0 0 0 0 0 0 0 0 0 0 248597 1239328 1527326 1578619 1626348 1676120 1728653 1774846 
0 0 0 0 0 0 0 0 0 0 0 0 0 0 0 0 0 0 0 0 0 0 0 265886 1323146 1624747 1673194 1728653 1775286 1827986 
0 0 0 0 0 0 0 0 0 0 0 0 0 0 0 0 0 0 0 0 0 0 0 0 283399 1403731 1720958 1774846 1827986 1879720 


0 0 0 0 2192 8616 2998 0 0 0 0 0 0 0 0 0 0 0 0 0 0 0 0 0 0 0 0 0 0 0 
0 0 0 4012 22115 30726 31647 8210 0 0 0 0 0 0 0 0 0 0 0 0 0 0 0 0 0 0 0 0 0 0 
0 0 4706 28127 42382 51092 60495 58819 14383 0 0 0 0 0 0 0 0 0 0 0 0 0 0 0 0 0 0 0 0 0 
0 4012 28127 45404 58533 70458 83178 95732 90609 21721 0 0 0 0 0 0 0 0 0 0 0 0 0 0 0 0 0 0 0 0 
2192 22115 42382 58533 74378 90506 106625 122744 137319 129267 30161 0 0 0 0 0 0 0 0 0 0 0 0 0 0 0 0 0 0 0 
8616 30726 51092 70458 90506 111282 129332 147780 168758 185076 171810 38782 0 0 0 0 0 0 0 0 0 0 0 0 0 0 0 0 0 0 
2998 31647 60495 83178 106625 129332 152430 173825 195547 217329 239608 218784 49068 0 0 0 0 0 0 0 0 0 0 0 0 0 0 0 0 0 
0 8210 58819 95732 122744 147780 173825 199920 224970 249461 274842 298045 270701 60852 0 0 0 0 0 0 0 0 0 0 0 0 0 0 0 0 
0 0 14383 90609 137319 168758 195547 224970 252978 280133 309878 335196 362372 327010 72824 0 0 0 0 0 0 0 0 0 0 0 0 0 0 0 
0 0 0 21721 129267 185076 217329 249461 280133 311984 343339 372623 401815 431323 387424 85472 0 0 0 0 0 0 0 0 0 0 0 0 0 0 
0 0 0 0 30161 171810 239608 274842 309878 343339 379082 410632 443161 475510 506324 453703 99057 0 0 0 0 0 0 0 0 0 0 0 0 0 
0 0 0 0 0 38782 218784 298045 335196 372623 410632 446072 479960 516025 550427 582982 518039 112750 0 0 0 0 0 0 0 0 0 0 0 0 
0 0 0 0 0 0 49068 270701 362372 401815 443161 479960 516832 555951 592424 629750 665287 590405 128888 0 0 0 0 0 0 0 0 0 0 0 
0 0 0 0 0 0 0 60852 327010 431323 475510 516025 555951 598548 635135 676620 714372 752567 663699 144243 0 0 0 0 0 0 0 0 0 0 
0 0 0 0 0 0 0 0 72824 387424 506324 550427 592424 635135 679480 720684 761290 804288 841796 740652 160140 0 0 0 0 0 0 0 0 0 
0 0 0 0 0 0 0 0 0 85472 453703 582982 629750 676620 720684 766704 810174 852907 894330 935494 821770 176686 0 0 0 0 0 0 0 0 
0 0 0 0 0 0 0 0 0 0 99057 518039 665287 714372 761290 810174 855604 900794 945504 987616 1033345 903341 194031 0 0 0 0 0 0 0 
0 0 0 0 0 0 0 0 0 0 0 112750 590405 752567 804288 852907 900794 949560 996704 1040265 1089353 1133153 991371 213411 0 0 0 0 0 0 
0 0 0 0 0 0 0 0 0 0 0 0 128888 663699 841796 894330 945504 996704 1047948 1094647 1146699 1191337 1238599 1078167 231290 0 0 0 0 0 
0 0 0 0 0 0 0 0 0 0 0 0 0 144243 740652 935494 987616 1040265 1094647 1146246 1197142 1244900 1295623 1343712 1169936 249649 0 0 0 0 
0 0 0 0 0 0 0 0 0 0 0 0 0 0 160140 821770 1033345 1089353 1146699 1197142 1251766 1301609 1354238 1405234 1451945 1262919 268307 0 0 0 
0 0 0 0 0 0 0 0 0 0 0 0 0 0 0 176686 903341 1133153 1191337 1244900 1301609 1355374 1407084 1461177 1511626 1562917 1354979 289394 0 0 
0 0 0 0 0 0 0 0 0 0 0 0 0 0 0 0 194031 991371 1238599 1295623 1354238 1407084 1461832 1522930 1572950 1625393 1674289 1450670 307716 0 
0 0 0 0 0 0 0 0 0 0 0 0 0 0 0 0 0 213411 1078167 1343712 1405234 1461177 1522930 1573948 1631129 1685301 1739526 1789228 1548167 329787 
0 0 0 0 0 0 0 0 0 0 0 0 0 0 0 0 0 0 231290 1169936 1451945 1511626 1572950 1631129 1691724 1748254 1799470 1856421 1906039 1648991 
0 0 0 0 0 0 0 0 0 0 0 0 0 0 0 0 0 0 0 249649 1262919 1562917 1625393 1685301 1748254 1807608 1861607 1917599 1973191 2029550 
0 0 0 0 0 0 0 0 0 0 0 0 0 0 0 0 0 0 0 0 268307 1354979 1674289 1739526 1799470 1861607 1921020 1978781 2036710 2091681 
0 0 0 0 0 0 0 0 0 0 0 0 0 0 0 0 0 0 0 0 0 289394 1450670 1789228 1856421 1917599 1978781 2039948 2099945 2155408 
0 0 0 0 0 0 0 0 0 0 0 0 0 0 0 0 0 0 0 0 0 0 307716 1548167 1906039 1973191 2036710 2099945 2161004 2219371 
0 0 0 0 0 0 0 0 0 0 0 0 0 0 0 0 0 0 0 0 0 0 0 329787 1648991 2029550 2091681 2155408 2219371 2279138 


0 0 0 0 0 2998 11930 4111 0 0 0 0 0 0 0 0 0 0 0 0 0 0 0 0 0 0 0 0 0 0 
0 0 0 0 5925 31647 42962 42631 10943 0 0 0 0 0 0 0 0 0 0 0 0 0 0 0 0 0 0 0 0 0 
0 0 0 7266 42826 60495 70376 81589 78106 18940 0 0 0 0 0 0 0 0 0 0 0 0 0 0 0 0 0 0 0 0 
0 0 7266 45544 68255 83178 97576 111938 125375 118627 27809 0 0 0 0 0 0 0 0 0 0 0 0 0 0 0 0 0 0 0 
0 5925 42826 68255 87872 106625 124784 142946 160782 179073 166165 38184 0 0 0 0 0 0 0 0 0 0 0 0 0 0 0 0 0 0 
2998 31647 60495 83178 106625 129332 152430 173825 195547 217329 239608 218784 49068 0 0 0 0 0 0 0 0 0 0 0 0 0 0 0 0 0 
11930 42962 70376 97576 124784 152430 177636 204608 229006 255016 279824 303396 276196 61956 0 0 0 0 0 0 0 0 0 0 0 0 0 0 0 0 
4111 42631 81589 111938 142946 173825 204608 234604 263657 293133 322127 350308 377456 340934 75766 0 0 0 0 0 0 0 0 0 0 0 0 0 0 0 
0 10943 78106 125375 160782 195547 229006 263657 294670 329886 362813 393372 424831 455310 409053 90485 0 0 0 0 0 0 0 0 0 0 0 0 0 0 
0 0 18940 118627 179073 217329 255016 293133 329886 366430 402920 436708 470621 507362 539081 481853 106138 0 0 0 0 0 0 0 0 0 0 0 0 0 
0 0 0 27809 166165 239608 279824 322127 362813 402920 442430 481873 519606 555626 594216 631348 559432 122077 0 0 0 0 0 0 0 0 0 0 0 0 
0 0 0 0 38184 218784 303396 350308 393372 436708 481873 520962 563117 602656 644179 684769 722512 639918 139795 0 0 0 0 0 0 0 0 0 0 0 
0 0 0 0 0 49068 276196 377456 424831 470621 519606 563117 605888 650524 693935 736987 779711 821111 724724 156228 0 0 0 0 0 0 0 0 0 0 
0 0 0 0 0 0 61956 340934 455310 507362 555626 602656 650524 700434 746488 793258 839053 882085 927886 814196 176072 0 0 0 0 0 0 0 0 0 
0 0 0 0 0 0 0 75766 409053 539081 594216 644179 693935 746488 796886 845602 894059 941459 987121 1033609 907866 195314 0 0 0 0 0 0 0 0 
0 0 0 0 0 0 0 0 90485 481853 631348 684769 736987 793258 845602 900126 949667 999901 1049653 1098912 1147101 1002933 215021 0 0 0 0 0 0 0 
0 0 0 0 0 0 0 0 0 106138 559432 722512 779711 839053 894059 949667 1004030 1056508 1111057 1163203 1217511 1260590 1102879 236177 0 0 0 0 0 0 
0 0 0 0 0 0 0 0 0 0 122077 639918 821111 882085 941459 999901 1056508 1115306 1170013 1223048 1279858 1329264 1380967 1204248 256981 0 0 0 0 0 
0 0 0 0 0 0 0 0 0 0 0 139795 724724 927886 987121 1049653 1111057 1170013 1226112 1284462 1341059 1395353 1451650 1505764 1307427 280289 0 0 0 0 
0 0 0 0 0 0 0 0 0 0 0 0 156228 814196 1033609 1098912 1163203 1223048 1284462 1345470 1403743 1462936 1519583 1574714 1629817 1417775 302400 0 0 0 
0 0 0 0 0 0 0 0 0 0 0 0 0 176072 907866 1147101 1217511 1279858 1341059 1403743 1468836 1528089 1587379 1646837 1704298 1763102 1526222 324835 0 0 
0 0 0 0 0 0 0 0 0 0 0 0 0 0 195314 1002933 1260590 1329264 1395353 1462936 1528089 1588804 1650789 1717175 1774940 1835996 1892060 1634253 347627 0 
0 0 0 0 0 0 0 0 0 0 0 0 0 0 0 215021 1102879 1380967 1451650 1519583 1587379 1650789 1717828 1783080 1846509 1907824 1966010 2023939 1747767 372775 
0 0 0 0 0 0 0 0 0 0 0 0 0 0 0 0 236177 1204248 1505764 1574714 1646837 1717175 1783080 1844762 1912284 1977688 2037061 2101710 2161246 1867701 
0 0 0 0 0 0 0 0 0 0 0 0 0 0 0 0 0 256981 1307427 1629817 1704298 1774940 1846509 1912284 1983404 2049768 2110190 2174457 2237702 2300595 
0 0 0 0 0 0 0 0 0 0 0 0 0 0 0 0 0 0 280289 1417775 1763102 1835996 1907824 1977688 2049768 2118036 2183834 2249951 2314186 2380343 
0 0 0 0 0 0 0 0 0 0 0 0 0 0 0 0 0 0 0 302400 1526222 1892060 1966010 2037061 2110190 2183834 2255256 2321349 2386394 2455478 
0 0 0 0 0 0 0 0 0 0 0 0 0 0 0 0 0 0 0 0 324835 1634253 2023939 2101710 2174457 2249951 2321349 2388298 2463265 2530005 
0 0 0 0 0 0 0 0 0 0 0 0 0 0 0 0 0 0 0 0 0 347627 1747767 2161246 2237702 2314186 2386394 2463265 2533922 2604342 
0 0 0 0 0 0 0 0 0 0 0 0 0 0 0 0 0 0 0 0 0 0 372775 1867701 2300595 2380343 2455478 2530005 2604342 2677676 


0 0 0 0 0 0 4111 15648 5212 0 0 0 0 0 0 0 0 0 0 0 0 0 0 0 0 0 0 0 0 0 
0 0 0 0 0 8210 42631 56310 54759 13872 0 0 0 0 0 0 0 0 0 0 0 0 0 0 0 0 0 0 0 0 
0 0 0 0 10621 58819 81589 92674 104861 99719 23712 0 0 0 0 0 0 0 0 0 0 0 0 0 0 0 0 0 0 0 
0 0 0 11436 66234 95732 111938 128002 145061 160808 149083 34760 0 0 0 0 0 0 0 0 0 0 0 0 0 0 0 0 0 0 
0 0 10621 66234 100240 122744 142946 165332 184792 204764 226794 207344 47127 0 0 0 0 0 0 0 0 0 0 0 0 0 0 0 0 0 
0 8210 58819 95732 122744 147780 173825 199920 224970 249461 274842 298045 270701 60852 0 0 0 0 0 0 0 0 0 0 0 0 0 0 0 0 
4111 42631 81589 111938 142946 173825 204608 234604 263657 293133 322127 350308 377456 340934 75766 0 0 0 0 0 0 0 0 0 0 0 0 0 0 0 
15648 56310 92674 128002 165332 199920 234604 270258 303378 336730 369430 401496 431844 462932 415118 92226 0 0 0 0 0 0 0 0 0 0 0 0 0 0 
5212 54759 104861 145061 184792 224970 263657 303378 339804 378365 415888 451615 487703 524365 557939 497096 108984 0 0 0 0 0 0 0 0 0 0 0 0 0 
0 13872 99719 160808 204764 249461 293133 336730 378365 420242 462748 503015 540784 580646 618431 657239 585318 128364 0 0 0 0 0 0 0 0 0 0 0 0 
0 0 23712 149083 226794 274842 322127 369430 415888 462748 509266 551895 596078 638676 681426 723761 765086 677313 146892 0 0 0 0 0 0 0 0 0 0 0 
0 0 0 34760 207344 298045 350308 401496 451615 503015 551895 598822 647612 693738 740384 786666 827760 875026 771245 166016 0 0 0 0 0 0 0 0 0 0 
0 0 0 0 47127 270701 377456 431844 487703 540784 596078 647612 696212 748914 798268 847609 896929 942401 988326 868717 187808 0 0 0 0 0 0 0 0 0 
0 0 0 0 0 60852 340934 462932 524365 580646 638676 693738 748914 804030 857797 908719 961435 1013176 1064341 1112980 976328 208635 0 0 0 0 0 0 0 0 
0 0 0 0 0 0 75766 415118 557939 618431 681426 740384 798268 857797 913710 971099 1026589 1081150 1134308 1186699 1241958 1083290 231408 0 0 0 0 0 0 0 
0 0 0 0 0 0 0 92226 497096 657239 723761 786666 847609 908719 971099 1031096 1090865 1148848 1203558 1260467 1318590 1371464 1193511 255296 0 0 0 0 0 0 
0 0 0 0 0 0 0 0 108984 585318 765086 827760 896929 961435 1026589 1090865 1151486 1214252 1273559 1331875 1391625 1450003 1505891 1310743 279441 0 0 0 0 0 
0 0 0 0 0 0 0 0 0 128364 677313 875026 942401 1013176 1081150 1148848 1214252 1280284 1343907 1404738 1467049 1528170 1589272 1644140 1429969 305660 0 0 0 0 
0 0 0 0 0 0 0 0 0 0 146892 771245 988326 1064341 1134308 1203558 1273559 1343907 1410842 1475430 1539817 1602953 1666993 1729586 1789030 1553188 330109 0 0 0 
0 0 0 0 0 0 0 0 0 0 0 166016 868717 1112980 1186699 1260467 1331875 1404738 1475430 1540814 1612671 1677843 1744762 1809365 1871192 1937653 1670587 354347 0 0 
0 0 0 0 0 0 0 0 0 0 0 0 187808 976328 1241958 1318590 1391625 1467049 1539817 1612671 1686040 1756121 1823972 1887638 1957286 2024712 2086454 1803403 380489 0 
0 0 0 0 0 0 0 0 0 0 0 0 0 208635 1083290 1371464 1450003 1528170 1602953 1677843 1756121 1823404 1896615 1965855 2035013 2107678 2168989 2234446 1928176 408550 
0 0 0 0 0 0 0 0 0 0 0 0 0 0 231408 1193511 1505891 1589272 1666993 1744762 1823972 1896615 1970066 2042416 2117957 2191958 2255554 2324168 2390445 2061977 
0 0 0 0 0 0 0 0 0 0 0 0 0 0 0 255296 1310743 1644140 1729586 1809365 1887638 1965855 2042416 2120442 2194609 2270348 2342081 2412934 2479477 2548775 
0 0 0 0 0 0 0 0 0 0 0 0 0 0 0 0 279441 1429969 1789030 1871192 1957286 2035013 2117957 2194609 2276156 2353971 2428909 2498319 2570531 2640881 
0 0 0 0 0 0 0 0 0 0 0 0 0 0 0 0 0 305660 1553188 1937653 2024712 2107678 2191958 2270348 2353971 2430220 2508570 2586461 2660978 2732325 
0 0 0 0 0 0 0 0 0 0 0 0 0 0 0 0 0 0 330109 1670587 2086454 2168989 2255554 2342081 2428909 2508570 2586570 2665993 2740985 2819578 
0 0 0 0 0 0 0 0 0 0 0 0 0 0 0 0 0 0 0 354347 1803403 2234446 2324168 2412934 2498319 2586461 2665993 2745836 2824581 2903447 
0 0 0 0 0 0 0 0 0 0 0 0 0 0 0 0 0 0 0 0 380489 1928176 2390445 2479477 2570531 2660978 2740985 2824581 2900526 2991120 
0 0 0 0 0 0 0 0 0 0 0 0 0 0 0 0 0 0 0 0 0 408550 2061977 2548775 2640881 2732325 2819578 2903447 2991120 3072260 


0 0 0 0 0 0 0 5212 19252 6688 0 0 0 0 0 0 0 0 0 0 0 0 0 0 0 0 0 0 0 0 
0 0 0 0 0 0 10943 54759 71746 68451 17436 0 0 0 0 0 0 0 0 0 0 0 0 0 0 0 0 0 0 0 
0 0 0 0 0 14383 78106 104861 118276 131545 122608 29176 0 0 0 0 0 0 0 0 0 0 0 0 0 0 0 0 0 0 
0 0 0 0 15933 90609 125375 145061 162062 180481 199354 182533 41496 0 0 0 0 0 0 0 0 0 0 0 0 0 0 0 0 0 
0 0 0 15933 96170 137319 160782 184792 207904 230058 254562 276194 251439 56512 0 0 0 0 0 0 0 0 0 0 0 0 0 0 0 0 
0 0 14383 90609 137319 168758 195547 224970 252978 280133 309878 335196 362372 327010 72824 0 0 0 0 0 0 0 0 0 0 0 0 0 0 0 
0 10943 78106 125375 160782 195547 229006 263657 294670 329886 362813 393372 424831 455310 409053 90485 0 0 0 0 0 0 0 0 0 0 0 0 0 0 
5212 54759 104861 145061 184792 224970 263657 303378 339804 378365 415888 451615 487703 524365 557939 497096 108984 0 0 0 0 0 0 0 0 0 0 0 0 0 
19252 71746 118276 162062 207904 252978 294670 339804 382764 423658 467840 509472 548346 586812 628000 666984 592196 128492 0 0 0 0 0 0 0 0 0 0 0 0 
6688 68451 131545 180481 230058 280133 329886 378365 423658 472476 519340 564693 607205 653355 696073 739922 781048 692535 150395 0 0 0 0 0 0 0 0 0 0 0 
0 17436 122608 199354 254562 309878 362813 415888 467840 519340 572320 620256 670456 718725 766294 814446 860981 907619 798948 171996 0 0 0 0 0 0 0 0 0 0 
0 0 29176 182533 276194 335196 393372 451615 509472 564693 620256 672362 727274 780051 833424 882084 934973 982165 1031393 907788 195153 0 0 0 0 0 0 0 0 0 
0 0 0 41496 251439 362372 424831 487703 548346 607205 670456 727274 785622 840975 898405 953698 1006660 1062451 1115333 1165813 1022833 218813 0 0 0 0 0 0 0 0 
0 0 0 0 56512 327010 455310 524365 586812 653355 718725 780051 840975 902716 964364 1023673 1083924 1138868 1197551 1254487 1308033 1141599 244640 0 0 0 0 0 0 0 
0 0 0 0 0 72824 409053 557939 628000 696073 766294 833424 898405 964364 1029594 1094106 1153196 1218590 1276775 1335469 1396674 1453065 1265289 268605 0 0 0 0 0 0 
0 0 0 0 0 0 90485 497096 666984 739922 814446 882084 953698 1023673 1094106 1162022 1227190 1290802 1352040 1418949 1481876 1542457 1602849 1394786 296149 0 0 0 0 0 
0 0 0 0 0 0 0 108984 592196 781048 860981 934973 1006660 1083924 1153196 1227190 1295254 1367370 1434420 1498787 1567855 1627872 1694175 1757575 1525715 323366 0 0 0 0 
0 0 0 0 0 0 0 0 128492 692535 907619 982165 1062451 1138868 1218590 1290802 1367370 1436122 1508613 1576927 1650719 1717700 1783915 1853491 1918349 1661283 350829 0 0 0 
0 0 0 0 0 0 0 0 0 150395 798948 1031393 1115333 1197551 1276775 1352040 1434420 1508613 1583870 1657587 1732836 1801604 1876074 1945424 2013414 2081823 1797921 379612 0 0 
0 0 0 0 0 0 0 0 0 0 171996 907788 1165813 1254487 1335469 1418949 1498787 1576927 1657587 1736646 1811494 1886439 1962209 2033725 2105953 2177026 2243098 1936032 407592 0 
0 0 0 0 0 0 0 0 0 0 0 195153 1022833 1308033 1396674 1481876 1567855 1650719 1732836 1811494 1894830 1973208 2052283 2127520 2201678 2275656 2344918 2415539 2084161 439166 
0 0 0 0 0 0 0 0 0 0 0 0 218813 1141599 1453065 1542457 1627872 1717700 1801604 1886439 1973208 2052464 2130681 2212361 2291084 2369921 2439646 2514923 2585503 2227131 
0 0 0 0 0 0 0 0 0 0 0 0 0 244640 1265289 1602849 1694175 1783915 1876074 1962209 2052283 2130681 2213488 2299481 2381634 2463398 2534092 2611920 2688434 2763197 
0 0 0 0 0 0 0 0 0 0 0 0 0 0 268605 1394786 1757575 1853491 1945424 2033725 2127520 2212361 2299481 2387492 2470385 2554823 2632206 2713091 2787397 2864603 
0 0 0 0 0 0 0 0 0 0 0 0 0 0 0 296149 1525715 1918349 2013414 2105953 2201678 2291084 2381634 2470385 2562098 2645592 2727990 2810044 2892080 2973841 
0 0 0 0 0 0 0 0 0 0 0 0 0 0 0 0 323366 1661283 2081823 2177026 2275656 2369921 2463398 2554823 2645592 2735986 2821383 2906883 2990435 3071833 
0 0 0 0 0 0 0 0 0 0 0 0 0 0 0 0 0 350829 1797921 2243098 2344918 2439646 2534092 2632206 2727990 2821383 2910446 2994915 3082142 3171191 
0 0 0 0 0 0 0 0 0 0 0 0 0 0 0 0 0 0 379612 1936032 2415539 2514923 2611920 2713091 2810044 2906883 2994915 3083584 3174012 3264002 
0 0 0 0 0 0 0 0 0 0 0 0 0 0 0 0 0 0 0 407592 2084161 2585503 2688434 2787397 2892080 2990435 3082142 3174012 3268760 3362148 
0 0 0 0 0 0 0 0 0 0 0 0 0 0 0 0 0 0 0 0 439166 2227131 2763197 2864603 2973841 3071833 3171191 3264002 3362148 3454906 


0 0 0 0 0 0 0 0 6688 23870 7972 0 0 0 0 0 0 0 0 0 0 0 0 0 0 0 0 0 0 0 
0 0 0 0 0 0 0 13872 68451 87462 83994 20716 0 0 0 0 0 0 0 0 0 0 0 0 0 0 0 0 0 0 
0 0 0 0 0 0 18940 99719 131545 146226 160140 149013 34912 0 0 0 0 0 0 0 0 0 0 0 0 0 0 0 0 0 
0 0 0 0 0 21721 118627 160808 180481 200408 220656 239414 218284 49982 0 0 0 0 0 0 0 0 0 0 0 0 0 0 0 0 
0 0 0 0 22478 129267 179073 204764 230058 257266 282771 307041 329811 299024 66768 0 0 0 0 0 0 0 0 0 0 0 0 0 0 0 
0 0 0 21721 129267 185076 217329 249461 280133 311984 343339 372623 401815 431323 387424 85472 0 0 0 0 0 0 0 0 0 0 0 0 0 0 
0 0 18940 118627 179073 217329 255016 293133 329886 366430 402920 436708 470621 507362 539081 481853 106138 0 0 0 0 0 0 0 0 0 0 0 0 0 
0 13872 99719 160808 204764 249461 293133 336730 378365 420242 462748 503015 540784 580646 618431 657239 585318 128364 0 0 0 0 0 0 0 0 0 0 0 0 
6688 68451 131545 180481 230058 280133 329886 378365 423658 472476 519340 564693 607205 653355 696073 739922 781048 692535 150395 0 0 0 0 0 0 0 0 0 0 0 
23870 87462 146226 200408 257266 311984 366430 420242 472476 522516 577074 623800 675832 723850 773832 819046 867162 912550 806848 173624 0 0 0 0 0 0 0 0 0 0 
7972 83994 160140 220656 282771 343339 402920 462748 519340 577074 636460 690371 744702 798076 852447 903957 956025 1007785 1056542 927229 199659 0 0 0 0 0 0 0 0 0 
0 20716 149013 239414 307041 372623 436708 503015 564693 623800 690371 746732 805839 867511 923731 980980 1038252 1093634 1147203 1197168 1051905 224593 0 0 0 0 0 0 0 0 
0 0 34912 218284 329811 401815 470621 540784 607205 675832 744702 805839 869418 933043 996688 1060172 1118274 1179390 1235254 1294388 1351300 1178760 252431 0 0 0 0 0 0 0 
0 0 0 49982 299024 431323 507362 580646 653355 723850 798076 867511 933043 1001848 1068221 1136216 1200285 1264830 1328778 1389140 1451524 1512683 1315377 279765 0 0 0 0 0 0 
0 0 0 0 66768 387424 539081 618431 696073 773832 852447 923731 996688 1068221 1141434 1212817 1281764 1350557 1416934 1483019 1547862 1614597 1673464 1455088 308899 0 0 0 0 0 
0 0 0 0 0 85472 481853 657239 739922 819046 903957 980980 1060172 1136216 1212817 1287958 1360474 1435056 1504990 1575636 1646040 1710195 1778190 1845159 1601414 339821 0 0 0 0 
0 0 0 0 0 0 106138 585318 781048 867162 956025 1038252 1118274 1200285 1281764 1360474 1437702 1516137 1590547 1664733 1739207 1808831 1880513 1951605 2017434 1752609 369048 0 0 0 
0 0 0 0 0 0 0 128364 692535 912550 1007785 1093634 1179390 1264830 1350557 1435056 1516137 1594826 1675532 1754306 1833374 1904603 1983983 2054260 2127289 2200351 1901009 401679 0 0 
0 0 0 0 0 0 0 0 150395 806848 1056542 1147203 1235254 1328778 1416934 1504990 1590547 1675532 1757410 1840211 1922036 2002275 2081089 2156893 2233134 2309586 2379213 2057397 433134 0 
0 0 0 0 0 0 0 0 0 173624 927229 1197168 1294388 1389140 1483019 1575636 1664733 1754306 1840211 1927878 2010886 2094810 2173481 2256606 2334726 2417154 2488884 2560192 2210066 465920 
0 0 0 0 0 0 0 0 0 0 199659 1051905 1351300 1451524 1547862 1646040 1739207 1833374 1922036 2010886 2103248 2187339 2273400 2360146 2445304 2525130 2603154 2682226 2756671 2376447 
0 0 0 0 0 0 0 0 0 0 0 224593 1178760 1512683 1614597 1710195 1808831 1904603 2002275 2094810 2187339 2273428 2367432 2454964 2539163 2627567 2709748 2787953 2865523 2950223 
0 0 0 0 0 0 0 0 0 0 0 0 252431 1315377 1673464 1778190 1880513 1983983 2081089 2173481 2273400 2367432 2460566 2553006 2643800 2733071 2816987 2898886 2985100 3067941 
0 0 0 0 0 0 0 0 0 0 0 0 0 279765 1455088 1845159 1951605 2054260 2156893 2256606 2360146 2454964 2553006 2648072 2740836 2835088 2922382 3008811 3094271 3181976 
0 0 0 0 0 0 0 0 0 0 0 0 0 0 308899 1601414 2017434 2127289 2233134 2334726 2445304 2539163 2643800 2740836 2837482 2936574 3025792 3118569 3204667 3299320 
0 0 0 0 0 0 0 0 0 0 0 0 0 0 0 339821 1752609 2200351 2309586 2417154 2525130 2627567 2733071 2835088 2936574 3037598 3131841 3223492 3316414 3409228 
0 0 0 0 0 0 0 0 0 0 0 0 0 0 0 0 369048 1901009 2379213 2488884 2603154 2709748 2816987 2922382 3025792 3131841 3228680 3325239 3421296 3516260 
0 0 0 0 0 0 0 0 0 0 0 0 0 0 0 0 0 401679 2057397 2560192 2682226 2787953 2898886 3008811 3118569 3223492 3325239 3423774 3521330 3621312 
0 0 0 0 0 0 0 0 0 0 0 0 0 0 0 0 0 0 433134 2210066 2756671 2865523 2985100 3094271 3204667 3316414 3421296 3521330 3624526 3728697 
0 0 0 0 0 0 0 0 0 0 0 0 0 0 0 0 0 0 0 465920 2376447 2950223 3067941 3181976 3299320 3409228 3516260 3621312 3728697 3837636 


0 0 0 0 0 0 0 0 0 7972 29446 9583 0 0 0 0 0 0 0 0 0 0 0 0 0 0 0 0 0 0 
0 0 0 0 0 0 0 0 17436 83994 107214 100591 24625 0 0 0 0 0 0 0 0 0 0 0 0 0 0 0 0 0 
0 0 0 0 0 0 0 23712 122608 160140 177646 191256 175422 41497 0 0 0 0 0 0 0 0 0 0 0 0 0 0 0 0 
0 0 0 0 0 0 27809 149083 199354 220656 242162 263243 284429 258329 58245 0 0 0 0 0 0 0 0 0 0 0 0 0 0 0 
0 0 0 0 0 30161 166165 226794 254562 282771 311604 338506 364703 391481 351609 78020 0 0 0 0 0 0 0 0 0 0 0 0 0 0 
0 0 0 0 30161 171810 239608 274842 309878 343339 379082 410632 443161 475510 506324 453703 99057 0 0 0 0 0 0 0 0 0 0 0 0 0 
0 0 0 27809 166165 239608 279824 322127 362813 402920 442430 481873 519606 555626 594216 631348 559432 122077 0 0 0 0 0 0 0 0 0 0 0 0 
0 0 23712 149083 226794 274842 322127 369430 415888 462748 509266 551895 596078 638676 681426 723761 765086 677313 146892 0 0 0 0 0 0 0 0 0 0 0 
0 17436 122608 199354 254562 309878 362813 415888 467840 519340 572320 620256 670456 718725 766294 814446 860981 907619 798948 171996 0 0 0 0 0 0 0 0 0 0 
7972 83994 160140 220656 282771 343339 402920 462748 519340 577074 636460 690371 744702 798076 852447 903957 956025 1007785 1056542 927229 199659 0 0 0 0 0 0 0 0 0 
29446 107214 177646 242162 311604 379082 442430 509266 572320 636460 700092 761942 818690 878958 940440 994512 1052848 1107320 1164454 1220442 1066296 226570 0 0 0 0 0 0 0 0 
9583 100591 191256 263243 338506 410632 481873 551895 620256 690371 761942 822986 889138 953430 1018465 1078193 1143031 1203284 1263294 1320050 1380891 1205127 255457 0 0 0 0 0 0 0 
0 24625 175422 284429 364703 443161 519606 596078 670456 744702 818690 889138 958524 1028046 1097411 1168144 1231818 1298872 1361384 1425636 1489141 1551353 1348042 286325 0 0 0 0 0 0 
0 0 41497 258329 391481 475510 555626 638676 718725 798076 878958 953430 1028046 1104000 1178354 1250770 1323149 1393773 1463516 1531282 1599777 1664372 1729767 1501826 318108 0 0 0 0 0 
0 0 0 58245 351609 506324 594216 681426 766294 852447 940440 1018465 1097411 1178354 1255224 1336177 1412477 1488213 1561660 1633076 1706073 1775019 1847106 1914733 1657545 351033 0 0 0 0 
0 0 0 0 78020 453703 631348 723761 814446 903957 994512 1078193 1168144 1250770 1336177 1420710 1498571 1578965 1659324 1734023 1809657 1886602 1958906 2030873 2102782 1821169 384322 0 0 0 
0 0 0 0 0 99057 559432 765086 860981 956025 1052848 1143031 1231818 1323149 1412477 1498571 1584834 1671586 1752098 1832403 1917331 1993902 2069174 2146991 2222319 2299358 1981838 416716 0 0 
0 0 0 0 0 0 122077 677313 907619 1007785 1107320 1203284 1298872 1393773 1488213 1578965 1671586 1757574 1847972 1931526 2019411 2101417 2185702 2263589 2343438 2419859 2496502 2153617 452022 0 
0 0 0 0 0 0 0 146892 798948 1056542 1164454 1263294 1361384 1463516 1561660 1659324 1752098 1847972 1936716 2027041 2118479 2203971 2291631 2373733 2462902 2542355 2621993 2699283 2327111 488616 
0 0 0 0 0 0 0 0 171996 927229 1220442 1320050 1425636 1531282 1633076 1734023 1832403 1931526 2027041 2119296 2218774 2307164 2396303 2486391 2572873 2660150 2743035 2822225 2907714 2501421 
0 0 0 0 0 0 0 0 0 199659 1066296 1380891 1489141 1599777 1706073 1809657 1917331 2019411 2118479 2218774 2320856 2414554 2506041 2599857 2694935 2783064 2865994 2950248 3035647 3123610 
0 0 0 0 0 0 0 0 0 0 226570 1205127 1551353 1664372 1775019 1886602 1993902 2101417 2203971 2307164 2414554 2511706 2608312 2706503 2800527 2896917 2984012 3073155 3162214 3248404 
0 0 0 0 0 0 0 0 0 0 0 255457 1348042 1729767 1847106 1958906 2069174 2185702 2291631 2396303 2506041 2608312 2713018 2810621 2911813 3013520 3102990 3191139 3285530 3378196 
0 0 0 0 0 0 0 0 0 0 0 0 286325 1501826 1914733 2030873 2146991 2263589 2373733 2486391 2599857 2706503 2810621 2911586 3019491 3121183 3218487 3314302 3406151 3505521 
0 0 0 0 0 0 0 0 0 0 0 0 0 318108 1657545 2102782 2222319 2343438 2462902 2572873 2694935 2800527 2911813 3019491 3123502 3231850 3331118 3434127 3532933 3627598 
0 0 0 0 0 0 0 0 0 0 0 0 0 0 351033 1821169 2299358 2419859 2542355 2660150 2783064 2896917 3013520 3121183 3231850 3342350 3448115 3547509 3654377 3752754 
0 0 0 0 0 0 0 0 0 0 0 0 0 0 0 384322 1981838 2496502 2621993 2743035 2865994 2984012 3102990 3218487 3331118 3448115 3549970 3659846 3763480 3868672 
0 0 0 0 0 0 0 0 0 0 0 0 0 0 0 0 416716 2153617 2699283 2822225 2950248 3073155 3191139 3314302 3434127 3547509 3659846 3769532 3885343 3991200 
0 0 0 0 0 0 0 0 0 0 0 0 0 0 0 0 0 452022 2327111 2907714 3035647 3162214 3285530 3406151 3532933 3654377 3763480 3885343 3992990 4107311 
0 0 0 0 0 0 0 0 0 0 0 0 0 0 0 0 0 0 488616 2501421 3123610 3248404 3378196 3505521 3627598 3752754 3868672 3991200 4107311 4222358 


0 0 0 0 0 0 0 0 0 0 9583 34848 10983 0 0 0 0 0 0 0 0 0 0 0 0 0 0 0 0 0 
0 0 0 0 0 0 0 0 0 20716 100591 126376 117398 29075 0 0 0 0 0 0 0 0 0 0 0 0 0 0 0 0 
0 0 0 0 0 0 0 0 29176 149013 191256 208186 224064 204958 47668 0 0 0 0 0 0 0 0 0 0 0 0 0 0 0 
0 0 0 0 0 0 0 34760 182533 239414 263243 285246 307980 331287 298976 67386 0 0 0 0 0 0 0 0 0 0 0 0 0 0 
0 0 0 0 0 0 38184 207344 276194 307041 338506 365166 394528 424154 451213 404406 89664 0 0 0 0 0 0 0 0 0 0 0 0 0 
0 0 0 0 0 38782 218784 298045 335196 372623 410632 446072 479960 516025 550427 582982 518039 112750 0 0 0 0 0 0 0 0 0 0 0 0 
0 0 0 0 38184 218784 303396 350308 393372 436708 481873 520962 563117 602656 644179 684769 722512 639918 139795 0 0 0 0 0 0 0 0 0 0 0 
0 0 0 34760 207344 298045 350308 401496 451615 503015 551895 598822 647612 693738 740384 786666 827760 875026 771245 166016 0 0 0 0 0 0 0 0 0 0 
0 0 29176 182533 276194 335196 393372 451615 509472 564693 620256 672362 727274 780051 833424 882084 934973 982165 1031393 907788 195153 0 0 0 0 0 0 0 0 0 
0 20716 149013 239414 307041 372623 436708 503015 564693 623800 690371 746732 805839 867511 923731 980980 1038252 1093634 1147203 1197168 1051905 224593 0 0 0 0 0 0 0 0 
9583 100591 191256 263243 338506 410632 481873 551895 620256 690371 761942 822986 889138 953430 1018465 1078193 1143031 1203284 1263294 1320050 1380891 1205127 255457 0 0 0 0 0 0 0 
